0 0 0 0
461.538 -1 0 0
461.538 0 1 0
461.538 0 0 1
461.538 0 0 -1
461.538 0 -1 0
461.538 1 0 0
923.077 -0.707107 0.707107 0
923.077 -0.707107 0 0.707107
923.077 -0.707107 0 -0.707107
923.077 -0.707107 -0.707107 0
923.077 0 0.707107 0.707107
923.077 0 0.707107 -0.707107
923.077 0 -0.707107 0.707107
923.077 0 -0.707107 -0.707107
923.077 0.707107 0.707107 0
923.077 0.707107 0 0.707107
923.077 0.707107 0 -0.707107
923.077 0.707107 -0.707107 0
1384.62 -0.57735 0.57735 0.57735
1384.62 -0.57735 0.57735 -0.57735
1384.62 -0.57735 -0.57735 0.57735
1384.62 -0.57735 -0.57735 -0.57735
1384.62 0.57735 0.57735 0.57735
1384.62 0.57735 0.57735 -0.57735
1384.62 0.57735 -0.57735 0.57735
1384.62 0.57735 -0.57735 -0.57735
1846.15 -1 0 0
1846.15 0 1 0
1846.15 0 0 1
1846.15 0 0 -1
1846.15 0 -1 0
1846.15 1 0 0
2307.69 -0.894427 0.447214 0
2307.69 -0.894427 0 0.447214
2307.69 -0.894427 0 -0.447214
2307.69 -0.894427 -0.447214 0
2307.69 -0.447214 0.894427 0
2307.69 -0.447214 0 0.894427
2307.69 -0.447214 0 -0.894427
2307.69 -0.447214 -0.894427 0
2307.69 0 0.894427 0.447214
2307.69 0 0.894427 -0.447214
2307.69 0 0.447214 0.894427
2307.69 0 0.447214 -0.894427
2307.69 0 -0.447214 0.894427
2307.69 0 -0.447214 -0.894427
2307.69 0 -0.894427 0.447214
2307.69 0 -0.894427 -0.447214
2307.69 0.447214 0.894427 0
2307.69 0.447214 0 0.894427
2307.69 0.447214 0 -0.894427
2307.69 0.447214 -0.894427 0
2307.69 0.894427 0.447214 0
2307.69 0.894427 0 0.447214
2307.69 0.894427 0 -0.447214
2307.69 0.894427 -0.447214 0
2769.23 -0.816497 0.408248 0.408248
2769.23 -0.816497 0.408248 -0.408248
2769.23 -0.816497 -0.408248 0.408248
2769.23 -0.816497 -0.408248 -0.408248
2769.23 -0.408248 0.816497 0.408248
2769.23 -0.408248 0.816497 -0.408248
2769.23 -0.408248 0.408248 0.816497
2769.23 -0.408248 0.408248 -0.816497
2769.23 -0.408248 -0.408248 0.816497
2769.23 -0.408248 -0.408248 -0.816497
2769.23 -0.408248 -0.816497 0.408248
2769.23 -0.408248 -0.816497 -0.408248
2769.23 0.408248 0.816497 0.408248
2769.23 0.408248 0.816497 -0.408248
2769.23 0.408248 0.408248 0.816497
2769.23 0.408248 0.408248 -0.816497
2769.23 0.408248 -0.408248 0.816497
2769.23 0.408248 -0.408248 -0.816497
2769.23 0.408248 -0.816497 0.408248
2769.23 0.408248 -0.816497 -0.408248
2769.23 0.816497 0.408248 0.408248
2769.23 0.816497 0.408248 -0.408248
2769.23 0.816497 -0.408248 0.408248
2769.23 0.816497 -0.408248 -0.408248
3692.31 -0.707107 0.707107 0
3692.31 -0.707107 0 0.707107
3692.31 -0.707107 0 -0.707107
3692.31 -0.707107 -0.707107 0
3692.31 0 0.707107 0.707107
3692.31 0 0.707107 -0.707107
3692.31 0 -0.707107 0.707107
3692.31 0 -0.707107 -0.707107
3692.31 0.707107 0.707107 0
3692.31 0.707107 0 0.707107
3692.31 0.707107 0 -0.707107
3692.31 0.707107 -0.707107 0
4153.85 -1 0 0
4153.85 -0.666667 0.666667 0.333333
4153.85 -0.666667 0.666667 -0.333333
4153.85 -0.666667 0.333333 0.666667
4153.85 -0.666667 0.333333 -0.666667
4153.85 -0.666667 -0.333333 0.666667
4153.85 -0.666667 -0.333333 -0.666667
4153.85 -0.666667 -0.666667 0.333333
4153.85 -0.666667 -0.666667 -0.333333
4153.85 -0.333333 0.666667 0.666667
4153.85 -0.333333 0.666667 -0.666667
4153.85 -0.333333 -0.666667 0.666667
4153.85 -0.333333 -0.666667 -0.666667
4153.85 0 1 0
4153.85 0 0 1
4153.85 0 0 -1
4153.85 0 -1 0
4153.85 0.333333 0.666667 0.666667
4153.85 0.333333 0.666667 -0.666667
4153.85 0.333333 -0.666667 0.666667
4153.85 0.333333 -0.666667 -0.666667
4153.85 0.666667 0.666667 0.333333
4153.85 0.666667 0.666667 -0.333333
4153.85 0.666667 0.333333 0.666667
4153.85 0.666667 0.333333 -0.666667
4153.85 0.666667 -0.333333 0.666667
4153.85 0.666667 -0.333333 -0.666667
4153.85 0.666667 -0.666667 0.333333
4153.85 0.666667 -0.666667 -0.333333
4153.85 1 0 0
4615.38 -0.948683 0.316228 0
4615.38 -0.948683 0 0.316228
4615.38 -0.948683 0 -0.316228
4615.38 -0.948683 -0.316228 0
4615.38 -0.316228 0.948683 0
4615.38 -0.316228 0 0.948683
4615.38 -0.316228 0 -0.948683
4615.38 -0.316228 -0.948683 0
4615.38 0 0.948683 0.316228
4615.38 0 0.948683 -0.316228
4615.38 0 0.316228 0.948683
4615.38 0 0.316228 -0.948683
4615.38 0 -0.316228 0.948683
4615.38 0 -0.316228 -0.948683
4615.38 0 -0.948683 0.316228
4615.38 0 -0.948683 -0.316228
4615.38 0.316228 0.948683 0
4615.38 0.316228 0 0.948683
4615.38 0.316228 0 -0.948683
4615.38 0.316228 -0.948683 0
4615.38 0.948683 0.316228 0
4615.38 0.948683 0 0.316228
4615.38 0.948683 0 -0.316228
4615.38 0.948683 -0.316228 0
5076.92 -0.904534 0.301511 0.301511
5076.92 -0.904534 0.301511 -0.301511
5076.92 -0.904534 -0.301511 0.301511
5076.92 -0.904534 -0.301511 -0.301511
5076.92 -0.301511 0.904534 0.301511
5076.92 -0.301511 0.904534 -0.301511
5076.92 -0.301511 0.301511 0.904534
5076.92 -0.301511 0.301511 -0.904534
5076.92 -0.301511 -0.301511 0.904534
5076.92 -0.301511 -0.301511 -0.904534
5076.92 -0.301511 -0.904534 0.301511
5076.92 -0.301511 -0.904534 -0.301511
5076.92 0.301511 0.904534 0.301511
5076.92 0.301511 0.904534 -0.301511
5076.92 0.301511 0.301511 0.904534
5076.92 0.301511 0.301511 -0.904534
5076.92 0.301511 -0.301511 0.904534
5076.92 0.301511 -0.301511 -0.904534
5076.92 0.301511 -0.904534 0.301511
5076.92 0.301511 -0.904534 -0.301511
5076.92 0.904534 0.301511 0.301511
5076.92 0.904534 0.301511 -0.301511
5076.92 0.904534 -0.301511 0.301511
5076.92 0.904534 -0.301511 -0.301511
5538.46 -0.57735 0.57735 0.57735
5538.46 -0.57735 0.57735 -0.57735
5538.46 -0.57735 -0.57735 0.57735
5538.46 -0.57735 -0.57735 -0.57735
5538.46 0.57735 0.57735 0.57735
5538.46 0.57735 0.57735 -0.57735
5538.46 0.57735 -0.57735 0.57735
5538.46 0.57735 -0.57735 -0.57735
6000 -0.83205 0.5547 0
6000 -0.83205 0 0.5547
6000 -0.83205 0 -0.5547
6000 -0.83205 -0.5547 0
6000 -0.5547 0.83205 0
6000 -0.5547 0 0.83205
6000 -0.5547 0 -0.83205
6000 -0.5547 -0.83205 0
6000 0 0.83205 0.5547
6000 0 0.83205 -0.5547
6000 0 0.5547 0.83205
6000 0 0.5547 -0.83205
6000 0 -0.5547 0.83205
6000 0 -0.5547 -0.83205
6000 0 -0.83205 0.5547
6000 0 -0.83205 -0.5547
6000 0.5547 0.83205 0
6000 0.5547 0 0.83205
6000 0.5547 0 -0.83205
6000 0.5547 -0.83205 0
6000 0.83205 0.5547 0
6000 0.83205 0 0.5547
6000 0.83205 0 -0.5547
6000 0.83205 -0.5547 0
6461.54 -0.801784 0.534522 0.267261
6461.54 -0.801784 0.534522 -0.267261
6461.54 -0.801784 0.267261 0.534522
6461.54 -0.801784 0.267261 -0.534522
6461.54 -0.801784 -0.267261 0.534522
6461.54 -0.801784 -0.267261 -0.534522
6461.54 -0.801784 -0.534522 0.267261
6461.54 -0.801784 -0.534522 -0.267261
6461.54 -0.534522 0.801784 0.267261
6461.54 -0.534522 0.801784 -0.267261
6461.54 -0.534522 0.267261 0.801784
6461.54 -0.534522 0.267261 -0.801784
6461.54 -0.534522 -0.267261 0.801784
6461.54 -0.534522 -0.267261 -0.801784
6461.54 -0.534522 -0.801784 0.267261
6461.54 -0.534522 -0.801784 -0.267261
6461.54 -0.267261 0.801784 0.534522
6461.54 -0.267261 0.801784 -0.534522
6461.54 -0.267261 0.534522 0.801784
6461.54 -0.267261 0.534522 -0.801784
6461.54 -0.267261 -0.534522 0.801784
6461.54 -0.267261 -0.534522 -0.801784
6461.54 -0.267261 -0.801784 0.534522
6461.54 -0.267261 -0.801784 -0.534522
6461.54 0.267261 0.801784 0.534522
6461.54 0.267261 0.801784 -0.534522
6461.54 0.267261 0.534522 0.801784
6461.54 0.267261 0.534522 -0.801784
6461.54 0.267261 -0.534522 0.801784
6461.54 0.267261 -0.534522 -0.801784
6461.54 0.267261 -0.801784 0.534522
6461.54 0.267261 -0.801784 -0.534522
6461.54 0.534522 0.801784 0.267261
6461.54 0.534522 0.801784 -0.267261
6461.54 0.534522 0.267261 0.801784
6461.54 0.534522 0.267261 -0.801784
6461.54 0.534522 -0.267261 0.801784
6461.54 0.534522 -0.267261 -0.801784
6461.54 0.534522 -0.801784 0.267261
6461.54 0.534522 -0.801784 -0.267261
6461.54 0.801784 0.534522 0.267261
6461.54 0.801784 0.534522 -0.267261
6461.54 0.801784 0.267261 0.534522
6461.54 0.801784 0.267261 -0.534522
6461.54 0.801784 -0.267261 0.534522
6461.54 0.801784 -0.267261 -0.534522
6461.54 0.801784 -0.534522 0.267261
6461.54 0.801784 -0.534522 -0.267261
7384.62 -1 0 0
7384.62 0 1 0
7384.62 0 0 1
7384.62 0 0 -1
7384.62 0 -1 0
7384.62 1 0 0
7846.15 -0.970143 0.242536 0
7846.15 -0.970143 0 0.242536
7846.15 -0.970143 0 -0.242536
7846.15 -0.970143 -0.242536 0
7846.15 -0.727607 0.485071 0.485071
7846.15 -0.727607 0.485071 -0.485071
7846.15 -0.727607 -0.485071 0.485071
7846.15 -0.727607 -0.485071 -0.485071
7846.15 -0.485071 0.727607 0.485071
7846.15 -0.485071 0.727607 -0.485071
7846.15 -0.485071 0.485071 0.727607
7846.15 -0.485071 0.485071 -0.727607
7846.15 -0.485071 -0.485071 0.727607
7846.15 -0.485071 -0.485071 -0.727607
7846.15 -0.485071 -0.727607 0.485071
7846.15 -0.485071 -0.727607 -0.485071
7846.15 -0.242536 0.970143 0
7846.15 -0.242536 0 0.970143
7846.15 -0.242536 0 -0.970143
7846.15 -0.242536 -0.970143 0
7846.15 0 0.970143 0.242536
7846.15 0 0.970143 -0.242536
7846.15 0 0.242536 0.970143
7846.15 0 0.242536 -0.970143
7846.15 0 -0.242536 0.970143
7846.15 0 -0.242536 -0.970143
7846.15 0 -0.970143 0.242536
7846.15 0 -0.970143 -0.242536
7846.15 0.242536 0.970143 0
7846.15 0.242536 0 0.970143
7846.15 0.242536 0 -0.970143
7846.15 0.242536 -0.970143 0
7846.15 0.485071 0.727607 0.485071
7846.15 0.485071 0.727607 -0.485071
7846.15 0.485071 0.485071 0.727607
7846.15 0.485071 0.485071 -0.727607
7846.15 0.485071 -0.485071 0.727607
7846.15 0.485071 -0.485071 -0.727607
7846.15 0.485071 -0.727607 0.485071
7846.15 0.485071 -0.727607 -0.485071
7846.15 0.727607 0.485071 0.485071
7846.15 0.727607 0.485071 -0.485071
7846.15 0.727607 -0.485071 0.485071
7846.15 0.727607 -0.485071 -0.485071
7846.15 0.970143 0.242536 0
7846.15 0.970143 0 0.242536
7846.15 0.970143 0 -0.242536
7846.15 0.970143 -0.242536 0
8307.69 -0.942809 0.235702 0.235702
8307.69 -0.942809 0.235702 -0.235702
8307.69 -0.942809 -0.235702 0.235702
8307.69 -0.942809 -0.235702 -0.235702
8307.69 -0.707107 0.707107 0
8307.69 -0.707107 0 0.707107
8307.69 -0.707107 0 -0.707107
8307.69 -0.707107 -0.707107 0
8307.69 -0.235702 0.942809 0.235702
8307.69 -0.235702 0.942809 -0.235702
8307.69 -0.235702 0.235702 0.942809
8307.69 -0.235702 0.235702 -0.942809
8307.69 -0.235702 -0.235702 0.942809
8307.69 -0.235702 -0.235702 -0.942809
8307.69 -0.235702 -0.942809 0.235702
8307.69 -0.235702 -0.942809 -0.235702
8307.69 0 0.707107 0.707107
8307.69 0 0.707107 -0.707107
8307.69 0 -0.707107 0.707107
8307.69 0 -0.707107 -0.707107
8307.69 0.235702 0.942809 0.235702
8307.69 0.235702 0.942809 -0.235702
8307.69 0.235702 0.235702 0.942809
8307.69 0.235702 0.235702 -0.942809
8307.69 0.235702 -0.235702 0.942809
8307.69 0.235702 -0.235702 -0.942809
8307.69 0.235702 -0.942809 0.235702
8307.69 0.235702 -0.942809 -0.235702
8307.69 0.707107 0.707107 0
8307.69 0.707107 0 0.707107
8307.69 0.707107 0 -0.707107
8307.69 0.707107 -0.707107 0
8307.69 0.942809 0.235702 0.235702
8307.69 0.942809 0.235702 -0.235702
8307.69 0.942809 -0.235702 0.235702
8307.69 0.942809 -0.235702 -0.235702
8769.23 -0.688247 0.688247 0.229416
8769.23 -0.688247 0.688247 -0.229416
8769.23 -0.688247 0.229416 0.688247
8769.23 -0.688247 0.229416 -0.688247
8769.23 -0.688247 -0.229416 0.688247
8769.23 -0.688247 -0.229416 -0.688247
8769.23 -0.688247 -0.688247 0.229416
8769.23 -0.688247 -0.688247 -0.229416
8769.23 -0.229416 0.688247 0.688247
8769.23 -0.229416 0.688247 -0.688247
8769.23 -0.229416 -0.688247 0.688247
8769.23 -0.229416 -0.688247 -0.688247
8769.23 0.229416 0.688247 0.688247
8769.23 0.229416 0.688247 -0.688247
8769.23 0.229416 -0.688247 0.688247
8769.23 0.229416 -0.688247 -0.688247
8769.23 0.688247 0.688247 0.229416
8769.23 0.688247 0.688247 -0.229416
8769.23 0.688247 0.229416 0.688247
8769.23 0.688247 0.229416 -0.688247
8769.23 0.688247 -0.229416 0.688247
8769.23 0.688247 -0.229416 -0.688247
8769.23 0.688247 -0.688247 0.229416
8769.23 0.688247 -0.688247 -0.229416
9230.77 -0.894427 0.447214 0
9230.77 -0.894427 0 0.447214
9230.77 -0.894427 0 -0.447214
9230.77 -0.894427 -0.447214 0
9230.77 -0.447214 0.894427 0
9230.77 -0.447214 0 0.894427
9230.77 -0.447214 0 -0.894427
9230.77 -0.447214 -0.894427 0
9230.77 0 0.894427 0.447214
9230.77 0 0.894427 -0.447214
9230.77 0 0.447214 0.894427
9230.77 0 0.447214 -0.894427
9230.77 0 -0.447214 0.894427
9230.77 0 -0.447214 -0.894427
9230.77 0 -0.894427 0.447214
9230.77 0 -0.894427 -0.447214
9230.77 0.447214 0.894427 0
9230.77 0.447214 0 0.894427
9230.77 0.447214 0 -0.894427
9230.77 0.447214 -0.894427 0
9230.77 0.894427 0.447214 0
9230.77 0.894427 0 0.447214
9230.77 0.894427 0 -0.447214
9230.77 0.894427 -0.447214 0
9692.31 -0.872872 0.436436 0.218218
9692.31 -0.872872 0.436436 -0.218218
9692.31 -0.872872 0.218218 0.436436
9692.31 -0.872872 0.218218 -0.436436
9692.31 -0.872872 -0.218218 0.436436
9692.31 -0.872872 -0.218218 -0.436436
9692.31 -0.872872 -0.436436 0.218218
9692.31 -0.872872 -0.436436 -0.218218
9692.31 -0.436436 0.872872 0.218218
9692.31 -0.436436 0.872872 -0.218218
9692.31 -0.436436 0.218218 0.872872
9692.31 -0.436436 0.218218 -0.872872
9692.31 -0.436436 -0.218218 0.872872
9692.31 -0.436436 -0.218218 -0.872872
9692.31 -0.436436 -0.872872 0.218218
9692.31 -0.436436 -0.872872 -0.218218
9692.31 -0.218218 0.872872 0.436436
9692.31 -0.218218 0.872872 -0.436436
9692.31 -0.218218 0.436436 0.872872
9692.31 -0.218218 0.436436 -0.872872
9692.31 -0.218218 -0.436436 0.872872
9692.31 -0.218218 -0.436436 -0.872872
9692.31 -0.218218 -0.872872 0.436436
9692.31 -0.218218 -0.872872 -0.436436
9692.31 0.218218 0.872872 0.436436
9692.31 0.218218 0.872872 -0.436436
9692.31 0.218218 0.436436 0.872872
9692.31 0.218218 0.436436 -0.872872
9692.31 0.218218 -0.436436 0.872872
9692.31 0.218218 -0.436436 -0.872872
9692.31 0.218218 -0.872872 0.436436
9692.31 0.218218 -0.872872 -0.436436
9692.31 0.436436 0.872872 0.218218
9692.31 0.436436 0.872872 -0.218218
9692.31 0.436436 0.218218 0.872872
9692.31 0.436436 0.218218 -0.872872
9692.31 0.436436 -0.218218 0.872872
9692.31 0.436436 -0.218218 -0.872872
9692.31 0.436436 -0.872872 0.218218
9692.31 0.436436 -0.872872 -0.218218
9692.31 0.872872 0.436436 0.218218
9692.31 0.872872 0.436436 -0.218218
9692.31 0.872872 0.218218 0.436436
9692.31 0.872872 0.218218 -0.436436
9692.31 0.872872 -0.218218 0.436436
9692.31 0.872872 -0.218218 -0.436436
9692.31 0.872872 -0.436436 0.218218
9692.31 0.872872 -0.436436 -0.218218
10153.8 -0.639602 0.639602 0.426401
10153.8 -0.639602 0.639602 -0.426401
10153.8 -0.639602 0.426401 0.639602
10153.8 -0.639602 0.426401 -0.639602
10153.8 -0.639602 -0.426401 0.639602
10153.8 -0.639602 -0.426401 -0.639602
10153.8 -0.639602 -0.639602 0.426401
10153.8 -0.639602 -0.639602 -0.426401
10153.8 -0.426401 0.639602 0.639602
10153.8 -0.426401 0.639602 -0.639602
10153.8 -0.426401 -0.639602 0.639602
10153.8 -0.426401 -0.639602 -0.639602
10153.8 0.426401 0.639602 0.639602
10153.8 0.426401 0.639602 -0.639602
10153.8 0.426401 -0.639602 0.639602
10153.8 0.426401 -0.639602 -0.639602
10153.8 0.639602 0.639602 0.426401
10153.8 0.639602 0.639602 -0.426401
10153.8 0.639602 0.426401 0.639602
10153.8 0.639602 0.426401 -0.639602
10153.8 0.639602 -0.426401 0.639602
10153.8 0.639602 -0.426401 -0.639602
10153.8 0.639602 -0.639602 0.426401
10153.8 0.639602 -0.639602 -0.426401
11076.9 -0.816497 0.408248 0.408248
11076.9 -0.816497 0.408248 -0.408248
11076.9 -0.816497 -0.408248 0.408248
11076.9 -0.816497 -0.408248 -0.408248
11076.9 -0.408248 0.816497 0.408248
11076.9 -0.408248 0.816497 -0.408248
11076.9 -0.408248 0.408248 0.816497
11076.9 -0.408248 0.408248 -0.816497
11076.9 -0.408248 -0.408248 0.816497
11076.9 -0.408248 -0.408248 -0.816497
11076.9 -0.408248 -0.816497 0.408248
11076.9 -0.408248 -0.816497 -0.408248
11076.9 0.408248 0.816497 0.408248
11076.9 0.408248 0.816497 -0.408248
11076.9 0.408248 0.408248 0.816497
11076.9 0.408248 0.408248 -0.816497
11076.9 0.408248 -0.408248 0.816497
11076.9 0.408248 -0.408248 -0.816497
11076.9 0.408248 -0.816497 0.408248
11076.9 0.408248 -0.816497 -0.408248
11076.9 0.816497 0.408248 0.408248
11076.9 0.816497 0.408248 -0.408248
11076.9 0.816497 -0.408248 0.408248
11076.9 0.816497 -0.408248 -0.408248
11538.5 -1 0 0
11538.5 -0.8 0.6 0
11538.5 -0.8 0 0.6
11538.5 -0.8 0 -0.6
11538.5 -0.8 -0.6 0
11538.5 -0.6 0.8 0
11538.5 -0.6 0 0.8
11538.5 -0.6 0 -0.8
11538.5 -0.6 -0.8 0
11538.5 0 1 0
11538.5 0 0.8 0.6
11538.5 0 0.8 -0.6
11538.5 0 0.6 0.8
11538.5 0 0.6 -0.8
11538.5 0 0 1
11538.5 0 0 -1
11538.5 0 -0.6 0.8
11538.5 0 -0.6 -0.8
11538.5 0 -0.8 0.6
11538.5 0 -0.8 -0.6
11538.5 0 -1 0
11538.5 0.6 0.8 0
11538.5 0.6 0 0.8
11538.5 0.6 0 -0.8
11538.5 0.6 -0.8 0
11538.5 0.8 0.6 0
11538.5 0.8 0 0.6
11538.5 0.8 0 -0.6
11538.5 0.8 -0.6 0
11538.5 1 0 0
