  0.0000000e+000  0.0000000e+000  0.0000000e+000  0.0000000e+000
  1.6000000e+003 -2.0000000e-001  0.0000000e+000  0.0000000e+000
  1.6000000e+003  0.0000000e+000 -2.0000000e-001  0.0000000e+000
  1.6000000e+003  0.0000000e+000  0.0000000e+000 -2.0000000e-001
  1.6000000e+003  0.0000000e+000  0.0000000e+000  2.0000000e-001
  1.6000000e+003  0.0000000e+000  2.0000000e-001  0.0000000e+000
  1.6000000e+003  2.0000000e-001  0.0000000e+000  0.0000000e+000
  2.2627417e+003 -2.0000000e-001 -2.0000000e-001  0.0000000e+000
  2.2627417e+003 -2.0000000e-001  0.0000000e+000 -2.0000000e-001
  2.2627417e+003 -2.0000000e-001  0.0000000e+000  2.0000000e-001
  2.2627417e+003 -2.0000000e-001  2.0000000e-001  0.0000000e+000
  2.2627417e+003  0.0000000e+000 -2.0000000e-001 -2.0000000e-001
  2.2627417e+003  0.0000000e+000 -2.0000000e-001  2.0000000e-001
  2.2627417e+003  0.0000000e+000  2.0000000e-001 -2.0000000e-001
  2.2627417e+003  0.0000000e+000  2.0000000e-001  2.0000000e-001
  2.2627417e+003  2.0000000e-001 -2.0000000e-001  0.0000000e+000
  2.2627417e+003  2.0000000e-001  0.0000000e+000 -2.0000000e-001
  2.2627417e+003  2.0000000e-001  0.0000000e+000  2.0000000e-001
  2.2627417e+003  2.0000000e-001  2.0000000e-001  0.0000000e+000
  2.7712813e+003 -2.0000000e-001 -2.0000000e-001 -2.0000000e-001
  2.7712813e+003 -2.0000000e-001 -2.0000000e-001  2.0000000e-001
  2.7712813e+003 -2.0000000e-001  2.0000000e-001 -2.0000000e-001
  2.7712813e+003 -2.0000000e-001  2.0000000e-001  2.0000000e-001
  2.7712813e+003  2.0000000e-001 -2.0000000e-001 -2.0000000e-001
  2.7712813e+003  2.0000000e-001 -2.0000000e-001  2.0000000e-001
  2.7712813e+003  2.0000000e-001  2.0000000e-001 -2.0000000e-001
  2.7712813e+003  2.0000000e-001  2.0000000e-001  2.0000000e-001
  3.2000000e+003 -4.0000000e-001  0.0000000e+000  0.0000000e+000
  3.2000000e+003  0.0000000e+000 -4.0000000e-001  0.0000000e+000
  3.2000000e+003  0.0000000e+000  0.0000000e+000 -4.0000000e-001
  3.2000000e+003  0.0000000e+000  0.0000000e+000  4.0000000e-001
  3.2000000e+003  0.0000000e+000  4.0000000e-001  0.0000000e+000
  3.2000000e+003  4.0000000e-001  0.0000000e+000  0.0000000e+000
  3.5777088e+003 -4.0000000e-001 -2.0000000e-001  0.0000000e+000
  3.5777088e+003 -4.0000000e-001  0.0000000e+000 -2.0000000e-001
  3.5777088e+003 -4.0000000e-001  0.0000000e+000  2.0000000e-001
  3.5777088e+003 -4.0000000e-001  2.0000000e-001  0.0000000e+000
  3.5777088e+003 -2.0000000e-001 -4.0000000e-001  0.0000000e+000
  3.5777088e+003 -2.0000000e-001  0.0000000e+000 -4.0000000e-001
  3.5777088e+003 -2.0000000e-001  0.0000000e+000  4.0000000e-001
  3.5777088e+003 -2.0000000e-001  4.0000000e-001  0.0000000e+000
  3.5777088e+003  0.0000000e+000 -4.0000000e-001 -2.0000000e-001
  3.5777088e+003  0.0000000e+000 -4.0000000e-001  2.0000000e-001
  3.5777088e+003  0.0000000e+000 -2.0000000e-001 -4.0000000e-001
  3.5777088e+003  0.0000000e+000 -2.0000000e-001  4.0000000e-001
  3.5777088e+003  0.0000000e+000  2.0000000e-001 -4.0000000e-001
  3.5777088e+003  0.0000000e+000  2.0000000e-001  4.0000000e-001
  3.5777088e+003  0.0000000e+000  4.0000000e-001 -2.0000000e-001
  3.5777088e+003  0.0000000e+000  4.0000000e-001  2.0000000e-001
  3.5777088e+003  2.0000000e-001 -4.0000000e-001  0.0000000e+000
  3.5777088e+003  2.0000000e-001  0.0000000e+000 -4.0000000e-001
  3.5777088e+003  2.0000000e-001  0.0000000e+000  4.0000000e-001
  3.5777088e+003  2.0000000e-001  4.0000000e-001  0.0000000e+000
  3.5777088e+003  4.0000000e-001 -2.0000000e-001  0.0000000e+000
  3.5777088e+003  4.0000000e-001  0.0000000e+000 -2.0000000e-001
  3.5777088e+003  4.0000000e-001  0.0000000e+000  2.0000000e-001
  3.5777088e+003  4.0000000e-001  2.0000000e-001  0.0000000e+000
  3.9191836e+003 -4.0000000e-001 -2.0000000e-001 -2.0000000e-001
  3.9191836e+003 -4.0000000e-001 -2.0000000e-001  2.0000000e-001
  3.9191836e+003 -4.0000000e-001  2.0000000e-001 -2.0000000e-001
  3.9191836e+003 -4.0000000e-001  2.0000000e-001  2.0000000e-001
  3.9191836e+003 -2.0000000e-001 -4.0000000e-001 -2.0000000e-001
  3.9191836e+003 -2.0000000e-001 -4.0000000e-001  2.0000000e-001
  3.9191836e+003 -2.0000000e-001 -2.0000000e-001 -4.0000000e-001
  3.9191836e+003 -2.0000000e-001 -2.0000000e-001  4.0000000e-001
  3.9191836e+003 -2.0000000e-001  2.0000000e-001 -4.0000000e-001
  3.9191836e+003 -2.0000000e-001  2.0000000e-001  4.0000000e-001
  3.9191836e+003 -2.0000000e-001  4.0000000e-001 -2.0000000e-001
  3.9191836e+003 -2.0000000e-001  4.0000000e-001  2.0000000e-001
  3.9191836e+003  2.0000000e-001 -4.0000000e-001 -2.0000000e-001
  3.9191836e+003  2.0000000e-001 -4.0000000e-001  2.0000000e-001
  3.9191836e+003  2.0000000e-001 -2.0000000e-001 -4.0000000e-001
  3.9191836e+003  2.0000000e-001 -2.0000000e-001  4.0000000e-001
  3.9191836e+003  2.0000000e-001  2.0000000e-001 -4.0000000e-001
  3.9191836e+003  2.0000000e-001  2.0000000e-001  4.0000000e-001
  3.9191836e+003  2.0000000e-001  4.0000000e-001 -2.0000000e-001
  3.9191836e+003  2.0000000e-001  4.0000000e-001  2.0000000e-001
  3.9191836e+003  4.0000000e-001 -2.0000000e-001 -2.0000000e-001
  3.9191836e+003  4.0000000e-001 -2.0000000e-001  2.0000000e-001
  3.9191836e+003  4.0000000e-001  2.0000000e-001 -2.0000000e-001
  3.9191836e+003  4.0000000e-001  2.0000000e-001  2.0000000e-001
  4.5254834e+003 -4.0000000e-001 -4.0000000e-001  0.0000000e+000
  4.5254834e+003 -4.0000000e-001  0.0000000e+000 -4.0000000e-001
  4.5254834e+003 -4.0000000e-001  0.0000000e+000  4.0000000e-001
  4.5254834e+003 -4.0000000e-001  4.0000000e-001  0.0000000e+000
  4.5254834e+003  0.0000000e+000 -4.0000000e-001 -4.0000000e-001
  4.5254834e+003  0.0000000e+000 -4.0000000e-001  4.0000000e-001
  4.5254834e+003  0.0000000e+000  4.0000000e-001 -4.0000000e-001
  4.5254834e+003  0.0000000e+000  4.0000000e-001  4.0000000e-001
  4.5254834e+003  4.0000000e-001 -4.0000000e-001  0.0000000e+000
  4.5254834e+003  4.0000000e-001  0.0000000e+000 -4.0000000e-001
  4.5254834e+003  4.0000000e-001  0.0000000e+000  4.0000000e-001
  4.5254834e+003  4.0000000e-001  4.0000000e-001  0.0000000e+000
  4.8000000e+003 -6.0000000e-001  0.0000000e+000  0.0000000e+000
  4.8000000e+003 -4.0000000e-001 -4.0000000e-001 -2.0000000e-001
  4.8000000e+003 -4.0000000e-001 -4.0000000e-001  2.0000000e-001
  4.8000000e+003 -4.0000000e-001 -2.0000000e-001 -4.0000000e-001
  4.8000000e+003 -4.0000000e-001 -2.0000000e-001  4.0000000e-001
  4.8000000e+003 -4.0000000e-001  2.0000000e-001 -4.0000000e-001
  4.8000000e+003 -4.0000000e-001  2.0000000e-001  4.0000000e-001
  4.8000000e+003 -4.0000000e-001  4.0000000e-001 -2.0000000e-001
  4.8000000e+003 -4.0000000e-001  4.0000000e-001  2.0000000e-001
  4.8000000e+003 -2.0000000e-001 -4.0000000e-001 -4.0000000e-001
  4.8000000e+003 -2.0000000e-001 -4.0000000e-001  4.0000000e-001
  4.8000000e+003 -2.0000000e-001  4.0000000e-001 -4.0000000e-001
  4.8000000e+003 -2.0000000e-001  4.0000000e-001  4.0000000e-001
  4.8000000e+003  0.0000000e+000 -6.0000000e-001  0.0000000e+000
  4.8000000e+003  0.0000000e+000  0.0000000e+000 -6.0000000e-001
  4.8000000e+003  0.0000000e+000  0.0000000e+000  6.0000000e-001
  4.8000000e+003  0.0000000e+000  6.0000000e-001  0.0000000e+000
  4.8000000e+003  2.0000000e-001 -4.0000000e-001 -4.0000000e-001
  4.8000000e+003  2.0000000e-001 -4.0000000e-001  4.0000000e-001
  4.8000000e+003  2.0000000e-001  4.0000000e-001 -4.0000000e-001
  4.8000000e+003  2.0000000e-001  4.0000000e-001  4.0000000e-001
  4.8000000e+003  4.0000000e-001 -4.0000000e-001 -2.0000000e-001
  4.8000000e+003  4.0000000e-001 -4.0000000e-001  2.0000000e-001
  4.8000000e+003  4.0000000e-001 -2.0000000e-001 -4.0000000e-001
  4.8000000e+003  4.0000000e-001 -2.0000000e-001  4.0000000e-001
  4.8000000e+003  4.0000000e-001  2.0000000e-001 -4.0000000e-001
  4.8000000e+003  4.0000000e-001  2.0000000e-001  4.0000000e-001
  4.8000000e+003  4.0000000e-001  4.0000000e-001 -2.0000000e-001
  4.8000000e+003  4.0000000e-001  4.0000000e-001  2.0000000e-001
  4.8000000e+003  6.0000000e-001  0.0000000e+000  0.0000000e+000
  5.0596443e+003 -6.0000000e-001 -2.0000000e-001  0.0000000e+000
  5.0596443e+003 -6.0000000e-001  0.0000000e+000 -2.0000000e-001
  5.0596443e+003 -6.0000000e-001  0.0000000e+000  2.0000000e-001
  5.0596443e+003 -6.0000000e-001  2.0000000e-001  0.0000000e+000
  5.0596443e+003 -2.0000000e-001 -6.0000000e-001  0.0000000e+000
  5.0596443e+003 -2.0000000e-001  0.0000000e+000 -6.0000000e-001
  5.0596443e+003 -2.0000000e-001  0.0000000e+000  6.0000000e-001
  5.0596443e+003 -2.0000000e-001  6.0000000e-001  0.0000000e+000
  5.0596443e+003  0.0000000e+000 -6.0000000e-001 -2.0000000e-001
  5.0596443e+003  0.0000000e+000 -6.0000000e-001  2.0000000e-001
  5.0596443e+003  0.0000000e+000 -2.0000000e-001 -6.0000000e-001
  5.0596443e+003  0.0000000e+000 -2.0000000e-001  6.0000000e-001
  5.0596443e+003  0.0000000e+000  2.0000000e-001 -6.0000000e-001
  5.0596443e+003  0.0000000e+000  2.0000000e-001  6.0000000e-001
  5.0596443e+003  0.0000000e+000  6.0000000e-001 -2.0000000e-001
  5.0596443e+003  0.0000000e+000  6.0000000e-001  2.0000000e-001
  5.0596443e+003  2.0000000e-001 -6.0000000e-001  0.0000000e+000
  5.0596443e+003  2.0000000e-001  0.0000000e+000 -6.0000000e-001
  5.0596443e+003  2.0000000e-001  0.0000000e+000  6.0000000e-001
  5.0596443e+003  2.0000000e-001  6.0000000e-001  0.0000000e+000
  5.0596443e+003  6.0000000e-001 -2.0000000e-001  0.0000000e+000
  5.0596443e+003  6.0000000e-001  0.0000000e+000 -2.0000000e-001
  5.0596443e+003  6.0000000e-001  0.0000000e+000  2.0000000e-001
  5.0596443e+003  6.0000000e-001  2.0000000e-001  0.0000000e+000
  5.3065997e+003 -6.0000000e-001 -2.0000000e-001 -2.0000000e-001
  5.3065997e+003 -6.0000000e-001 -2.0000000e-001  2.0000000e-001
  5.3065997e+003 -6.0000000e-001  2.0000000e-001 -2.0000000e-001
  5.3065997e+003 -6.0000000e-001  2.0000000e-001  2.0000000e-001
  5.3065997e+003 -2.0000000e-001 -6.0000000e-001 -2.0000000e-001
  5.3065997e+003 -2.0000000e-001 -6.0000000e-001  2.0000000e-001
  5.3065997e+003 -2.0000000e-001 -2.0000000e-001 -6.0000000e-001
  5.3065997e+003 -2.0000000e-001 -2.0000000e-001  6.0000000e-001
  5.3065997e+003 -2.0000000e-001  2.0000000e-001 -6.0000000e-001
  5.3065997e+003 -2.0000000e-001  2.0000000e-001  6.0000000e-001
  5.3065997e+003 -2.0000000e-001  6.0000000e-001 -2.0000000e-001
  5.3065997e+003 -2.0000000e-001  6.0000000e-001  2.0000000e-001
  5.3065997e+003  2.0000000e-001 -6.0000000e-001 -2.0000000e-001
  5.3065997e+003  2.0000000e-001 -6.0000000e-001  2.0000000e-001
  5.3065997e+003  2.0000000e-001 -2.0000000e-001 -6.0000000e-001
  5.3065997e+003  2.0000000e-001 -2.0000000e-001  6.0000000e-001
  5.3065997e+003  2.0000000e-001  2.0000000e-001 -6.0000000e-001
  5.3065997e+003  2.0000000e-001  2.0000000e-001  6.0000000e-001
  5.3065997e+003  2.0000000e-001  6.0000000e-001 -2.0000000e-001
  5.3065997e+003  2.0000000e-001  6.0000000e-001  2.0000000e-001
  5.3065997e+003  6.0000000e-001 -2.0000000e-001 -2.0000000e-001
  5.3065997e+003  6.0000000e-001 -2.0000000e-001  2.0000000e-001
  5.3065997e+003  6.0000000e-001  2.0000000e-001 -2.0000000e-001
  5.3065997e+003  6.0000000e-001  2.0000000e-001  2.0000000e-001
  5.5425626e+003 -4.0000000e-001 -4.0000000e-001 -4.0000000e-001
  5.5425626e+003 -4.0000000e-001 -4.0000000e-001  4.0000000e-001
  5.5425626e+003 -4.0000000e-001  4.0000000e-001 -4.0000000e-001
  5.5425626e+003 -4.0000000e-001  4.0000000e-001  4.0000000e-001
  5.5425626e+003  4.0000000e-001 -4.0000000e-001 -4.0000000e-001
  5.5425626e+003  4.0000000e-001 -4.0000000e-001  4.0000000e-001
  5.5425626e+003  4.0000000e-001  4.0000000e-001 -4.0000000e-001
  5.5425626e+003  4.0000000e-001  4.0000000e-001  4.0000000e-001
  5.7688820e+003 -6.0000000e-001 -4.0000000e-001  0.0000000e+000
  5.7688820e+003 -6.0000000e-001  0.0000000e+000 -4.0000000e-001
  5.7688820e+003 -6.0000000e-001  0.0000000e+000  4.0000000e-001
  5.7688820e+003 -6.0000000e-001  4.0000000e-001  0.0000000e+000
  5.7688820e+003 -4.0000000e-001 -6.0000000e-001  0.0000000e+000
  5.7688820e+003 -4.0000000e-001  0.0000000e+000 -6.0000000e-001
  5.7688820e+003 -4.0000000e-001  0.0000000e+000  6.0000000e-001
  5.7688820e+003 -4.0000000e-001  6.0000000e-001  0.0000000e+000
  5.7688820e+003  0.0000000e+000 -6.0000000e-001 -4.0000000e-001
  5.7688820e+003  0.0000000e+000 -6.0000000e-001  4.0000000e-001
  5.7688820e+003  0.0000000e+000 -4.0000000e-001 -6.0000000e-001
  5.7688820e+003  0.0000000e+000 -4.0000000e-001  6.0000000e-001
  5.7688820e+003  0.0000000e+000  4.0000000e-001 -6.0000000e-001
  5.7688820e+003  0.0000000e+000  4.0000000e-001  6.0000000e-001
  5.7688820e+003  0.0000000e+000  6.0000000e-001 -4.0000000e-001
  5.7688820e+003  0.0000000e+000  6.0000000e-001  4.0000000e-001
  5.7688820e+003  4.0000000e-001 -6.0000000e-001  0.0000000e+000
  5.7688820e+003  4.0000000e-001  0.0000000e+000 -6.0000000e-001
  5.7688820e+003  4.0000000e-001  0.0000000e+000  6.0000000e-001
  5.7688820e+003  4.0000000e-001  6.0000000e-001  0.0000000e+000
  5.7688820e+003  6.0000000e-001 -4.0000000e-001  0.0000000e+000
  5.7688820e+003  6.0000000e-001  0.0000000e+000 -4.0000000e-001
  5.7688820e+003  6.0000000e-001  0.0000000e+000  4.0000000e-001
  5.7688820e+003  6.0000000e-001  4.0000000e-001  0.0000000e+000
  5.9866518e+003 -6.0000000e-001 -4.0000000e-001 -2.0000000e-001
  5.9866518e+003 -6.0000000e-001 -4.0000000e-001  2.0000000e-001
  5.9866518e+003 -6.0000000e-001 -2.0000000e-001 -4.0000000e-001
  5.9866518e+003 -6.0000000e-001 -2.0000000e-001  4.0000000e-001
  5.9866518e+003 -6.0000000e-001  2.0000000e-001 -4.0000000e-001
  5.9866518e+003 -6.0000000e-001  2.0000000e-001  4.0000000e-001
  5.9866518e+003 -6.0000000e-001  4.0000000e-001 -2.0000000e-001
  5.9866518e+003 -6.0000000e-001  4.0000000e-001  2.0000000e-001
  5.9866518e+003 -4.0000000e-001 -6.0000000e-001 -2.0000000e-001
  5.9866518e+003 -4.0000000e-001 -6.0000000e-001  2.0000000e-001
  5.9866518e+003 -4.0000000e-001 -2.0000000e-001 -6.0000000e-001
  5.9866518e+003 -4.0000000e-001 -2.0000000e-001  6.0000000e-001
  5.9866518e+003 -4.0000000e-001  2.0000000e-001 -6.0000000e-001
  5.9866518e+003 -4.0000000e-001  2.0000000e-001  6.0000000e-001
  5.9866518e+003 -4.0000000e-001  6.0000000e-001 -2.0000000e-001
  5.9866518e+003 -4.0000000e-001  6.0000000e-001  2.0000000e-001
  5.9866518e+003 -2.0000000e-001 -6.0000000e-001 -4.0000000e-001
  5.9866518e+003 -2.0000000e-001 -6.0000000e-001  4.0000000e-001
  5.9866518e+003 -2.0000000e-001 -4.0000000e-001 -6.0000000e-001
  5.9866518e+003 -2.0000000e-001 -4.0000000e-001  6.0000000e-001
  5.9866518e+003 -2.0000000e-001  4.0000000e-001 -6.0000000e-001
  5.9866518e+003 -2.0000000e-001  4.0000000e-001  6.0000000e-001
  5.9866518e+003 -2.0000000e-001  6.0000000e-001 -4.0000000e-001
  5.9866518e+003 -2.0000000e-001  6.0000000e-001  4.0000000e-001
  5.9866518e+003  2.0000000e-001 -6.0000000e-001 -4.0000000e-001
  5.9866518e+003  2.0000000e-001 -6.0000000e-001  4.0000000e-001
  5.9866518e+003  2.0000000e-001 -4.0000000e-001 -6.0000000e-001
  5.9866518e+003  2.0000000e-001 -4.0000000e-001  6.0000000e-001
  5.9866518e+003  2.0000000e-001  4.0000000e-001 -6.0000000e-001
  5.9866518e+003  2.0000000e-001  4.0000000e-001  6.0000000e-001
  5.9866518e+003  2.0000000e-001  6.0000000e-001 -4.0000000e-001
  5.9866518e+003  2.0000000e-001  6.0000000e-001  4.0000000e-001
  5.9866518e+003  4.0000000e-001 -6.0000000e-001 -2.0000000e-001
  5.9866518e+003  4.0000000e-001 -6.0000000e-001  2.0000000e-001
  5.9866518e+003  4.0000000e-001 -2.0000000e-001 -6.0000000e-001
  5.9866518e+003  4.0000000e-001 -2.0000000e-001  6.0000000e-001
  5.9866518e+003  4.0000000e-001  2.0000000e-001 -6.0000000e-001
  5.9866518e+003  4.0000000e-001  2.0000000e-001  6.0000000e-001
  5.9866518e+003  4.0000000e-001  6.0000000e-001 -2.0000000e-001
  5.9866518e+003  4.0000000e-001  6.0000000e-001  2.0000000e-001
  5.9866518e+003  6.0000000e-001 -4.0000000e-001 -2.0000000e-001
  5.9866518e+003  6.0000000e-001 -4.0000000e-001  2.0000000e-001
  5.9866518e+003  6.0000000e-001 -2.0000000e-001 -4.0000000e-001
  5.9866518e+003  6.0000000e-001 -2.0000000e-001  4.0000000e-001
  5.9866518e+003  6.0000000e-001  2.0000000e-001 -4.0000000e-001
  5.9866518e+003  6.0000000e-001  2.0000000e-001  4.0000000e-001
  5.9866518e+003  6.0000000e-001  4.0000000e-001 -2.0000000e-001
  5.9866518e+003  6.0000000e-001  4.0000000e-001  2.0000000e-001
  6.4000000e+003 -8.0000000e-001  0.0000000e+000  0.0000000e+000
  6.4000000e+003  0.0000000e+000 -8.0000000e-001  0.0000000e+000
  6.4000000e+003  0.0000000e+000  0.0000000e+000 -8.0000000e-001
  6.4000000e+003  0.0000000e+000  0.0000000e+000  8.0000000e-001
  6.4000000e+003  0.0000000e+000  8.0000000e-001  0.0000000e+000
  6.4000000e+003  8.0000000e-001  0.0000000e+000  0.0000000e+000
  6.5969690e+003 -8.0000000e-001 -2.0000000e-001  0.0000000e+000
  6.5969690e+003 -8.0000000e-001  0.0000000e+000 -2.0000000e-001
  6.5969690e+003 -8.0000000e-001  0.0000000e+000  2.0000000e-001
  6.5969690e+003 -8.0000000e-001  2.0000000e-001  0.0000000e+000
  6.5969690e+003 -6.0000000e-001 -4.0000000e-001 -4.0000000e-001
  6.5969690e+003 -6.0000000e-001 -4.0000000e-001  4.0000000e-001
  6.5969690e+003 -6.0000000e-001  4.0000000e-001 -4.0000000e-001
  6.5969690e+003 -6.0000000e-001  4.0000000e-001  4.0000000e-001
  6.5969690e+003 -4.0000000e-001 -6.0000000e-001 -4.0000000e-001
  6.5969690e+003 -4.0000000e-001 -6.0000000e-001  4.0000000e-001
  6.5969690e+003 -4.0000000e-001 -4.0000000e-001 -6.0000000e-001
  6.5969690e+003 -4.0000000e-001 -4.0000000e-001  6.0000000e-001
  6.5969690e+003 -4.0000000e-001  4.0000000e-001 -6.0000000e-001
  6.5969690e+003 -4.0000000e-001  4.0000000e-001  6.0000000e-001
  6.5969690e+003 -4.0000000e-001  6.0000000e-001 -4.0000000e-001
  6.5969690e+003 -4.0000000e-001  6.0000000e-001  4.0000000e-001
  6.5969690e+003 -2.0000000e-001 -8.0000000e-001  0.0000000e+000
  6.5969690e+003 -2.0000000e-001  0.0000000e+000 -8.0000000e-001
  6.5969690e+003 -2.0000000e-001  0.0000000e+000  8.0000000e-001
  6.5969690e+003 -2.0000000e-001  8.0000000e-001  0.0000000e+000
  6.5969690e+003  0.0000000e+000 -8.0000000e-001 -2.0000000e-001
  6.5969690e+003  0.0000000e+000 -8.0000000e-001  2.0000000e-001
  6.5969690e+003  0.0000000e+000 -2.0000000e-001 -8.0000000e-001
  6.5969690e+003  0.0000000e+000 -2.0000000e-001  8.0000000e-001
  6.5969690e+003  0.0000000e+000  2.0000000e-001 -8.0000000e-001
  6.5969690e+003  0.0000000e+000  2.0000000e-001  8.0000000e-001
  6.5969690e+003  0.0000000e+000  8.0000000e-001 -2.0000000e-001
  6.5969690e+003  0.0000000e+000  8.0000000e-001  2.0000000e-001
  6.5969690e+003  2.0000000e-001 -8.0000000e-001  0.0000000e+000
  6.5969690e+003  2.0000000e-001  0.0000000e+000 -8.0000000e-001
  6.5969690e+003  2.0000000e-001  0.0000000e+000  8.0000000e-001
  6.5969690e+003  2.0000000e-001  8.0000000e-001  0.0000000e+000
  6.5969690e+003  4.0000000e-001 -6.0000000e-001 -4.0000000e-001
  6.5969690e+003  4.0000000e-001 -6.0000000e-001  4.0000000e-001
  6.5969690e+003  4.0000000e-001 -4.0000000e-001 -6.0000000e-001
  6.5969690e+003  4.0000000e-001 -4.0000000e-001  6.0000000e-001
  6.5969690e+003  4.0000000e-001  4.0000000e-001 -6.0000000e-001
  6.5969690e+003  4.0000000e-001  4.0000000e-001  6.0000000e-001
  6.5969690e+003  4.0000000e-001  6.0000000e-001 -4.0000000e-001
  6.5969690e+003  4.0000000e-001  6.0000000e-001  4.0000000e-001
  6.5969690e+003  6.0000000e-001 -4.0000000e-001 -4.0000000e-001
  6.5969690e+003  6.0000000e-001 -4.0000000e-001  4.0000000e-001
  6.5969690e+003  6.0000000e-001  4.0000000e-001 -4.0000000e-001
  6.5969690e+003  6.0000000e-001  4.0000000e-001  4.0000000e-001
  6.5969690e+003  8.0000000e-001 -2.0000000e-001  0.0000000e+000
  6.5969690e+003  8.0000000e-001  0.0000000e+000 -2.0000000e-001
  6.5969690e+003  8.0000000e-001  0.0000000e+000  2.0000000e-001
  6.5969690e+003  8.0000000e-001  2.0000000e-001  0.0000000e+000
  6.7882251e+003 -8.0000000e-001 -2.0000000e-001 -2.0000000e-001
  6.7882251e+003 -8.0000000e-001 -2.0000000e-001  2.0000000e-001
  6.7882251e+003 -8.0000000e-001  2.0000000e-001 -2.0000000e-001
  6.7882251e+003 -8.0000000e-001  2.0000000e-001  2.0000000e-001
  6.7882251e+003 -6.0000000e-001 -6.0000000e-001  0.0000000e+000
  6.7882251e+003 -6.0000000e-001  0.0000000e+000 -6.0000000e-001
  6.7882251e+003 -6.0000000e-001  0.0000000e+000  6.0000000e-001
  6.7882251e+003 -6.0000000e-001  6.0000000e-001  0.0000000e+000
  6.7882251e+003 -2.0000000e-001 -8.0000000e-001 -2.0000000e-001
  6.7882251e+003 -2.0000000e-001 -8.0000000e-001  2.0000000e-001
  6.7882251e+003 -2.0000000e-001 -2.0000000e-001 -8.0000000e-001
  6.7882251e+003 -2.0000000e-001 -2.0000000e-001  8.0000000e-001
  6.7882251e+003 -2.0000000e-001  2.0000000e-001 -8.0000000e-001
  6.7882251e+003 -2.0000000e-001  2.0000000e-001  8.0000000e-001
  6.7882251e+003 -2.0000000e-001  8.0000000e-001 -2.0000000e-001
  6.7882251e+003 -2.0000000e-001  8.0000000e-001  2.0000000e-001
  6.7882251e+003  0.0000000e+000 -6.0000000e-001 -6.0000000e-001
  6.7882251e+003  0.0000000e+000 -6.0000000e-001  6.0000000e-001
  6.7882251e+003  0.0000000e+000  6.0000000e-001 -6.0000000e-001
  6.7882251e+003  0.0000000e+000  6.0000000e-001  6.0000000e-001
  6.7882251e+003  2.0000000e-001 -8.0000000e-001 -2.0000000e-001
  6.7882251e+003  2.0000000e-001 -8.0000000e-001  2.0000000e-001
  6.7882251e+003  2.0000000e-001 -2.0000000e-001 -8.0000000e-001
  6.7882251e+003  2.0000000e-001 -2.0000000e-001  8.0000000e-001
  6.7882251e+003  2.0000000e-001  2.0000000e-001 -8.0000000e-001
  6.7882251e+003  2.0000000e-001  2.0000000e-001  8.0000000e-001
  6.7882251e+003  2.0000000e-001  8.0000000e-001 -2.0000000e-001
  6.7882251e+003  2.0000000e-001  8.0000000e-001  2.0000000e-001
  6.7882251e+003  6.0000000e-001 -6.0000000e-001  0.0000000e+000
  6.7882251e+003  6.0000000e-001  0.0000000e+000 -6.0000000e-001
  6.7882251e+003  6.0000000e-001  0.0000000e+000  6.0000000e-001
  6.7882251e+003  6.0000000e-001  6.0000000e-001  0.0000000e+000
  6.7882251e+003  8.0000000e-001 -2.0000000e-001 -2.0000000e-001
  6.7882251e+003  8.0000000e-001 -2.0000000e-001  2.0000000e-001
  6.7882251e+003  8.0000000e-001  2.0000000e-001 -2.0000000e-001
  6.7882251e+003  8.0000000e-001  2.0000000e-001  2.0000000e-001
  6.9742383e+003 -6.0000000e-001 -6.0000000e-001 -2.0000000e-001
  6.9742383e+003 -6.0000000e-001 -6.0000000e-001  2.0000000e-001
  6.9742383e+003 -6.0000000e-001 -2.0000000e-001 -6.0000000e-001
  6.9742383e+003 -6.0000000e-001 -2.0000000e-001  6.0000000e-001
  6.9742383e+003 -6.0000000e-001  2.0000000e-001 -6.0000000e-001
  6.9742383e+003 -6.0000000e-001  2.0000000e-001  6.0000000e-001
  6.9742383e+003 -6.0000000e-001  6.0000000e-001 -2.0000000e-001
  6.9742383e+003 -6.0000000e-001  6.0000000e-001  2.0000000e-001
  6.9742383e+003 -2.0000000e-001 -6.0000000e-001 -6.0000000e-001
  6.9742383e+003 -2.0000000e-001 -6.0000000e-001  6.0000000e-001
  6.9742383e+003 -2.0000000e-001  6.0000000e-001 -6.0000000e-001
  6.9742383e+003 -2.0000000e-001  6.0000000e-001  6.0000000e-001
  6.9742383e+003  2.0000000e-001 -6.0000000e-001 -6.0000000e-001
  6.9742383e+003  2.0000000e-001 -6.0000000e-001  6.0000000e-001
  6.9742383e+003  2.0000000e-001  6.0000000e-001 -6.0000000e-001
  6.9742383e+003  2.0000000e-001  6.0000000e-001  6.0000000e-001
  6.9742383e+003  6.0000000e-001 -6.0000000e-001 -2.0000000e-001
  6.9742383e+003  6.0000000e-001 -6.0000000e-001  2.0000000e-001
  6.9742383e+003  6.0000000e-001 -2.0000000e-001 -6.0000000e-001
  6.9742383e+003  6.0000000e-001 -2.0000000e-001  6.0000000e-001
  6.9742383e+003  6.0000000e-001  2.0000000e-001 -6.0000000e-001
  6.9742383e+003  6.0000000e-001  2.0000000e-001  6.0000000e-001
  6.9742383e+003  6.0000000e-001  6.0000000e-001 -2.0000000e-001
  6.9742383e+003  6.0000000e-001  6.0000000e-001  2.0000000e-001
  7.1554175e+003 -8.0000000e-001 -4.0000000e-001  0.0000000e+000
  7.1554175e+003 -8.0000000e-001  0.0000000e+000 -4.0000000e-001
  7.1554175e+003 -8.0000000e-001  0.0000000e+000  4.0000000e-001
  7.1554175e+003 -8.0000000e-001  4.0000000e-001  0.0000000e+000
  7.1554175e+003 -4.0000000e-001 -8.0000000e-001  0.0000000e+000
  7.1554175e+003 -4.0000000e-001  0.0000000e+000 -8.0000000e-001
  7.1554175e+003 -4.0000000e-001  0.0000000e+000  8.0000000e-001
  7.1554175e+003 -4.0000000e-001  8.0000000e-001  0.0000000e+000
  7.1554175e+003  0.0000000e+000 -8.0000000e-001 -4.0000000e-001
  7.1554175e+003  0.0000000e+000 -8.0000000e-001  4.0000000e-001
  7.1554175e+003  0.0000000e+000 -4.0000000e-001 -8.0000000e-001
  7.1554175e+003  0.0000000e+000 -4.0000000e-001  8.0000000e-001
  7.1554175e+003  0.0000000e+000  4.0000000e-001 -8.0000000e-001
  7.1554175e+003  0.0000000e+000  4.0000000e-001  8.0000000e-001
  7.1554175e+003  0.0000000e+000  8.0000000e-001 -4.0000000e-001
  7.1554175e+003  0.0000000e+000  8.0000000e-001  4.0000000e-001
  7.1554175e+003  4.0000000e-001 -8.0000000e-001  0.0000000e+000
  7.1554175e+003  4.0000000e-001  0.0000000e+000 -8.0000000e-001
  7.1554175e+003  4.0000000e-001  0.0000000e+000  8.0000000e-001
  7.1554175e+003  4.0000000e-001  8.0000000e-001  0.0000000e+000
  7.1554175e+003  8.0000000e-001 -4.0000000e-001  0.0000000e+000
  7.1554175e+003  8.0000000e-001  0.0000000e+000 -4.0000000e-001
  7.1554175e+003  8.0000000e-001  0.0000000e+000  4.0000000e-001
  7.1554175e+003  8.0000000e-001  4.0000000e-001  0.0000000e+000
  7.3321211e+003 -8.0000000e-001 -4.0000000e-001 -2.0000000e-001
  7.3321211e+003 -8.0000000e-001 -4.0000000e-001  2.0000000e-001
  7.3321211e+003 -8.0000000e-001 -2.0000000e-001 -4.0000000e-001
  7.3321211e+003 -8.0000000e-001 -2.0000000e-001  4.0000000e-001
  7.3321211e+003 -8.0000000e-001  2.0000000e-001 -4.0000000e-001
  7.3321211e+003 -8.0000000e-001  2.0000000e-001  4.0000000e-001
  7.3321211e+003 -8.0000000e-001  4.0000000e-001 -2.0000000e-001
  7.3321211e+003 -8.0000000e-001  4.0000000e-001  2.0000000e-001
  7.3321211e+003 -4.0000000e-001 -8.0000000e-001 -2.0000000e-001
  7.3321211e+003 -4.0000000e-001 -8.0000000e-001  2.0000000e-001
  7.3321211e+003 -4.0000000e-001 -2.0000000e-001 -8.0000000e-001
  7.3321211e+003 -4.0000000e-001 -2.0000000e-001  8.0000000e-001
  7.3321211e+003 -4.0000000e-001  2.0000000e-001 -8.0000000e-001
  7.3321211e+003 -4.0000000e-001  2.0000000e-001  8.0000000e-001
  7.3321211e+003 -4.0000000e-001  8.0000000e-001 -2.0000000e-001
  7.3321211e+003 -4.0000000e-001  8.0000000e-001  2.0000000e-001
  7.3321211e+003 -2.0000000e-001 -8.0000000e-001 -4.0000000e-001
  7.3321211e+003 -2.0000000e-001 -8.0000000e-001  4.0000000e-001
  7.3321211e+003 -2.0000000e-001 -4.0000000e-001 -8.0000000e-001
  7.3321211e+003 -2.0000000e-001 -4.0000000e-001  8.0000000e-001
  7.3321211e+003 -2.0000000e-001  4.0000000e-001 -8.0000000e-001
  7.3321211e+003 -2.0000000e-001  4.0000000e-001  8.0000000e-001
  7.3321211e+003 -2.0000000e-001  8.0000000e-001 -4.0000000e-001
  7.3321211e+003 -2.0000000e-001  8.0000000e-001  4.0000000e-001
  7.3321211e+003  2.0000000e-001 -8.0000000e-001 -4.0000000e-001
  7.3321211e+003  2.0000000e-001 -8.0000000e-001  4.0000000e-001
  7.3321211e+003  2.0000000e-001 -4.0000000e-001 -8.0000000e-001
  7.3321211e+003  2.0000000e-001 -4.0000000e-001  8.0000000e-001
  7.3321211e+003  2.0000000e-001  4.0000000e-001 -8.0000000e-001
  7.3321211e+003  2.0000000e-001  4.0000000e-001  8.0000000e-001
  7.3321211e+003  2.0000000e-001  8.0000000e-001 -4.0000000e-001
  7.3321211e+003  2.0000000e-001  8.0000000e-001  4.0000000e-001
  7.3321211e+003  4.0000000e-001 -8.0000000e-001 -2.0000000e-001
  7.3321211e+003  4.0000000e-001 -8.0000000e-001  2.0000000e-001
  7.3321211e+003  4.0000000e-001 -2.0000000e-001 -8.0000000e-001
  7.3321211e+003  4.0000000e-001 -2.0000000e-001  8.0000000e-001
  7.3321211e+003  4.0000000e-001  2.0000000e-001 -8.0000000e-001
  7.3321211e+003  4.0000000e-001  2.0000000e-001  8.0000000e-001
  7.3321211e+003  4.0000000e-001  8.0000000e-001 -2.0000000e-001
  7.3321211e+003  4.0000000e-001  8.0000000e-001  2.0000000e-001
  7.3321211e+003  8.0000000e-001 -4.0000000e-001 -2.0000000e-001
  7.3321211e+003  8.0000000e-001 -4.0000000e-001  2.0000000e-001
  7.3321211e+003  8.0000000e-001 -2.0000000e-001 -4.0000000e-001
  7.3321211e+003  8.0000000e-001 -2.0000000e-001  4.0000000e-001
  7.3321211e+003  8.0000000e-001  2.0000000e-001 -4.0000000e-001
  7.3321211e+003  8.0000000e-001  2.0000000e-001  4.0000000e-001
  7.3321211e+003  8.0000000e-001  4.0000000e-001 -2.0000000e-001
  7.3321211e+003  8.0000000e-001  4.0000000e-001  2.0000000e-001
  7.5046652e+003 -6.0000000e-001 -6.0000000e-001 -4.0000000e-001
  7.5046652e+003 -6.0000000e-001 -6.0000000e-001  4.0000000e-001
  7.5046652e+003 -6.0000000e-001 -4.0000000e-001 -6.0000000e-001
  7.5046652e+003 -6.0000000e-001 -4.0000000e-001  6.0000000e-001
  7.5046652e+003 -6.0000000e-001  4.0000000e-001 -6.0000000e-001
  7.5046652e+003 -6.0000000e-001  4.0000000e-001  6.0000000e-001
  7.5046652e+003 -6.0000000e-001  6.0000000e-001 -4.0000000e-001
  7.5046652e+003 -6.0000000e-001  6.0000000e-001  4.0000000e-001
  7.5046652e+003 -4.0000000e-001 -6.0000000e-001 -6.0000000e-001
  7.5046652e+003 -4.0000000e-001 -6.0000000e-001  6.0000000e-001
  7.5046652e+003 -4.0000000e-001  6.0000000e-001 -6.0000000e-001
  7.5046652e+003 -4.0000000e-001  6.0000000e-001  6.0000000e-001
  7.5046652e+003  4.0000000e-001 -6.0000000e-001 -6.0000000e-001
  7.5046652e+003  4.0000000e-001 -6.0000000e-001  6.0000000e-001
  7.5046652e+003  4.0000000e-001  6.0000000e-001 -6.0000000e-001
  7.5046652e+003  4.0000000e-001  6.0000000e-001  6.0000000e-001
  7.5046652e+003  6.0000000e-001 -6.0000000e-001 -4.0000000e-001
  7.5046652e+003  6.0000000e-001 -6.0000000e-001  4.0000000e-001
  7.5046652e+003  6.0000000e-001 -4.0000000e-001 -6.0000000e-001
  7.5046652e+003  6.0000000e-001 -4.0000000e-001  6.0000000e-001
  7.5046652e+003  6.0000000e-001  4.0000000e-001 -6.0000000e-001
  7.5046652e+003  6.0000000e-001  4.0000000e-001  6.0000000e-001
  7.5046652e+003  6.0000000e-001  6.0000000e-001 -4.0000000e-001
  7.5046652e+003  6.0000000e-001  6.0000000e-001  4.0000000e-001
  7.8383672e+003 -8.0000000e-001 -4.0000000e-001 -4.0000000e-001
  7.8383672e+003 -8.0000000e-001 -4.0000000e-001  4.0000000e-001
  7.8383672e+003 -8.0000000e-001  4.0000000e-001 -4.0000000e-001
  7.8383672e+003 -8.0000000e-001  4.0000000e-001  4.0000000e-001
  7.8383672e+003 -4.0000000e-001 -8.0000000e-001 -4.0000000e-001
  7.8383672e+003 -4.0000000e-001 -8.0000000e-001  4.0000000e-001
  7.8383672e+003 -4.0000000e-001 -4.0000000e-001 -8.0000000e-001
  7.8383672e+003 -4.0000000e-001 -4.0000000e-001  8.0000000e-001
  7.8383672e+003 -4.0000000e-001  4.0000000e-001 -8.0000000e-001
  7.8383672e+003 -4.0000000e-001  4.0000000e-001  8.0000000e-001
  7.8383672e+003 -4.0000000e-001  8.0000000e-001 -4.0000000e-001
  7.8383672e+003 -4.0000000e-001  8.0000000e-001  4.0000000e-001
  7.8383672e+003  4.0000000e-001 -8.0000000e-001 -4.0000000e-001
  7.8383672e+003  4.0000000e-001 -8.0000000e-001  4.0000000e-001
  7.8383672e+003  4.0000000e-001 -4.0000000e-001 -8.0000000e-001
  7.8383672e+003  4.0000000e-001 -4.0000000e-001  8.0000000e-001
  7.8383672e+003  4.0000000e-001  4.0000000e-001 -8.0000000e-001
  7.8383672e+003  4.0000000e-001  4.0000000e-001  8.0000000e-001
  7.8383672e+003  4.0000000e-001  8.0000000e-001 -4.0000000e-001
  7.8383672e+003  4.0000000e-001  8.0000000e-001  4.0000000e-001
  7.8383672e+003  8.0000000e-001 -4.0000000e-001 -4.0000000e-001
  7.8383672e+003  8.0000000e-001 -4.0000000e-001  4.0000000e-001
  7.8383672e+003  8.0000000e-001  4.0000000e-001 -4.0000000e-001
  7.8383672e+003  8.0000000e-001  4.0000000e-001  4.0000000e-001
  8.0000000e+003 -1.0000000e+000  0.0000000e+000  0.0000000e+000
  8.0000000e+003 -8.0000000e-001 -6.0000000e-001  0.0000000e+000
  8.0000000e+003 -8.0000000e-001  0.0000000e+000 -6.0000000e-001
  8.0000000e+003 -8.0000000e-001  0.0000000e+000  6.0000000e-001
  8.0000000e+003 -8.0000000e-001  6.0000000e-001  0.0000000e+000
  8.0000000e+003 -6.0000000e-001 -8.0000000e-001  0.0000000e+000
  8.0000000e+003 -6.0000000e-001  0.0000000e+000 -8.0000000e-001
  8.0000000e+003 -6.0000000e-001  0.0000000e+000  8.0000000e-001
  8.0000000e+003 -6.0000000e-001  8.0000000e-001  0.0000000e+000
  8.0000000e+003  0.0000000e+000 -1.0000000e+000  0.0000000e+000
  8.0000000e+003  0.0000000e+000 -8.0000000e-001 -6.0000000e-001
  8.0000000e+003  0.0000000e+000 -8.0000000e-001  6.0000000e-001
  8.0000000e+003  0.0000000e+000 -6.0000000e-001 -8.0000000e-001
  8.0000000e+003  0.0000000e+000 -6.0000000e-001  8.0000000e-001
  8.0000000e+003  0.0000000e+000  0.0000000e+000 -1.0000000e+000
  8.0000000e+003  0.0000000e+000  0.0000000e+000  1.0000000e+000
  8.0000000e+003  0.0000000e+000  6.0000000e-001 -8.0000000e-001
  8.0000000e+003  0.0000000e+000  6.0000000e-001  8.0000000e-001
  8.0000000e+003  0.0000000e+000  8.0000000e-001 -6.0000000e-001
  8.0000000e+003  0.0000000e+000  8.0000000e-001  6.0000000e-001
  8.0000000e+003  0.0000000e+000  1.0000000e+000  0.0000000e+000
  8.0000000e+003  6.0000000e-001 -8.0000000e-001  0.0000000e+000
  8.0000000e+003  6.0000000e-001  0.0000000e+000 -8.0000000e-001
  8.0000000e+003  6.0000000e-001  0.0000000e+000  8.0000000e-001
  8.0000000e+003  6.0000000e-001  8.0000000e-001  0.0000000e+000
  8.0000000e+003  8.0000000e-001 -6.0000000e-001  0.0000000e+000
  8.0000000e+003  8.0000000e-001  0.0000000e+000 -6.0000000e-001
  8.0000000e+003  8.0000000e-001  0.0000000e+000  6.0000000e-001
  8.0000000e+003  8.0000000e-001  6.0000000e-001  0.0000000e+000
  8.0000000e+003  1.0000000e+000  0.0000000e+000  0.0000000e+000
