   5.1194300e-01  -6.8285400e-01   5.2117700e-01   0.0000  0.0431  0.0106  
  -9.3916200e-01   2.9183000e-01   1.8113700e-01   0.0560  0.0431  0.0106  
  -3.3829200e-01  -8.7198400e-01  -3.5384100e-01   0.0792  0.0431  0.0106  
   5.4472000e-02  -3.9373000e-01   9.1761100e-01   0.0969  0.0431  0.0106  
   2.0411900e-01   8.9316000e-01  -4.0075100e-01   0.0560  0.0431  0.0106  
   4.6505200e-01  -8.0105500e-01  -3.7687900e-01   0.0969  0.0431  0.0106  
   6.9599500e-01  -4.7712000e-01   5.3660800e-01   0.0792  0.0431  0.0106  
  -2.7642800e-01  -3.4041300e-01  -8.9872500e-01   0.0560  0.0431  0.0106  
   6.4042300e-01   7.5141000e-02  -7.6433800e-01   0.0792  0.0431  0.0106  
   8.8528300e-01   4.4453500e-01   1.3661300e-01   0.0969  0.0431  0.0106  
  -2.1960500e-01   8.9053500e-01   3.9839900e-01   0.0560  0.0431  0.0106  
  -1.9873200e-01  -1.3135400e-01  -9.7121200e-01   0.0792  0.0431  0.0106  
  -8.3861200e-01   4.2373300e-01  -3.4231600e-01   0.0969  0.0431  0.0106  
  -4.5469300e-01  -2.4587000e-01   8.5603900e-01   0.0560  0.0431  0.0106  
   9.7377900e-01   2.2714400e-01  -1.2665000e-02   0.0792  0.0431  0.0106  
   2.7881200e-01   9.4790200e-01  -1.5409600e-01   0.0969  0.0431  0.0106  
   5.1194300e-01  -6.8285400e-01   5.2117700e-01   0.0000  0.0431  0.0106  
  -8.7544500e-01  -3.2552200e-01  -3.5725600e-01   0.0560  0.0431  0.0106  
  -4.5658700e-01   8.8001800e-01   1.3075600e-01   0.0792  0.0431  0.0106  
   4.0497000e-02   4.3088300e-01   9.0149900e-01   0.0969  0.0431  0.0106  
  -7.9022500e-01  -6.8608000e-02   6.0896400e-01   0.0969  0.0431  0.0106  
  -5.2089900e-01   5.6813700e-01  -6.3709100e-01   0.0560  0.0431  0.0106  
  -2.0577600e-01  -7.7237300e-01   6.0091300e-01   0.0792  0.0431  0.0106  
   7.9567400e-01   5.4752900e-01  -2.5906600e-01   0.0560  0.0431  0.0106  
   3.6292600e-01  -5.7323100e-01  -7.3463700e-01   0.0792  0.0431  0.0106  
  -6.5137500e-01  -1.5417500e-01  -7.4292800e-01   0.0969  0.0431  0.0106  
  -4.9423700e-01   4.1855400e-01   7.6193400e-01   0.0560  0.0431  0.0106  
   7.5293400e-01   2.9593500e-01   5.8780300e-01   0.0792  0.0431  0.0106  
   3.0601200e-01  -8.7068800e-01   3.8504600e-01   0.0969  0.0431  0.0106  
  -4.4818000e-01  -8.3379800e-01  -3.2235900e-01   0.0560  0.0431  0.0106  
   8.8998200e-01  -4.1974400e-01  -1.7817700e-01   0.0792  0.0431  0.0106  
   5.3949900e-01   5.8538400e-01  -6.0520000e-01   0.0969  0.0431  0.0106  
   5.1194300e-01  -6.8285400e-01   5.2117700e-01   0.0000  0.0431  0.0106  
   2.5075600e-01   8.2436900e-01   5.0748200e-01   0.0969  0.0431  0.0106  
  -6.0533700e-01   7.8599500e-01  -1.2561500e-01   0.0560  0.0431  0.0106  
  -6.1638000e-01  -7.5695800e-01   2.1700300e-01   0.0792  0.0431  0.0106  
  -1.7107600e-01   2.4036700e-01  -9.5548800e-01   0.0560  0.0431  0.0106  
  -1.9671000e-01   4.7654800e-01  -8.5685900e-01   0.0792  0.0431  0.0106  
   8.7352900e-01  -3.7485500e-01  -3.1053400e-01   0.0969  0.0431  0.0106  
  -8.8048900e-01   1.7684300e-01  -4.3984800e-01   0.0560  0.0431  0.0106  
   3.4197900e-01  -7.6732000e-02  -9.3657000e-01   0.0969  0.0431  0.0106  
  -4.4503000e-02   9.8878200e-01  -1.4258400e-01   0.0792  0.0431  0.0106  
   5.3747400e-01  -3.7628400e-01   7.5467400e-01   0.0969  0.0431  0.0106  
   8.6168900e-01   9.0790000e-02  -4.9925000e-01   0.0560  0.0431  0.0106  
   1.8669400e-01   6.0404200e-01   7.7477700e-01   0.0792  0.0431  0.0106  
   1.7599000e-02  -9.9977600e-01   1.1812000e-02   0.0560  0.0431  0.0106  
   8.1708400e-01   3.4109900e-01  -4.6478600e-01   0.0792  0.0431  0.0106  
  -9.9873600e-01  -1.2333000e-02  -4.8740000e-02   0.0969  0.0431  0.0106  
   5.1194300e-01  -6.8285400e-01   5.2117700e-01   0.0000  0.0431  0.0106  
  -1.7846000e-02   6.3386600e-01   7.7323700e-01   0.0560  0.0431  0.0106  
   9.3629200e-01  -1.6484700e-01   3.1013500e-01   0.0792  0.0431  0.0106  
  -1.0457300e-01   9.8229300e-01   1.5545100e-01   0.0969  0.0431  0.0106  
   6.1934200e-01   7.6972900e-01   1.5470500e-01   0.0969  0.0431  0.0106  
  -8.9202000e-02  -6.2665500e-01   7.7417500e-01   0.0560  0.0431  0.0106  
   2.1916800e-01   1.4187800e-01  -9.6531700e-01   0.0792  0.0431  0.0106  
   6.2074700e-01   4.3462000e-02   7.8280600e-01   0.0560  0.0431  0.0106  
   5.0077000e-01  -5.0263400e-01  -7.0469100e-01   0.0969  0.0431  0.0106  
   4.3718200e-01  -8.0914200e-01   3.9263300e-01   0.0792  0.0431  0.0106  
   6.8367300e-01  -6.3995900e-01  -3.5077700e-01   0.0560  0.0431  0.0106  
   7.2082600e-01  -3.8118100e-01  -5.7888700e-01   0.0792  0.0431  0.0106  
  -7.4297000e-02  -7.5552400e-01   6.5089500e-01   0.0969  0.0431  0.0106  
   5.7191100e-01   8.1731100e-01  -7.0155000e-02   0.0560  0.0431  0.0106  
  -5.3895500e-01  -5.1812000e-01  -6.6413800e-01   0.0969  0.0431  0.0106  
   7.2467100e-01   6.3331400e-01   2.7159700e-01   0.0792  0.0431  0.0106  
   5.1194300e-01  -6.8285400e-01   5.2117700e-01   0.0000  0.0431  0.0106  
   1.8950400e-01  -1.0892300e-01  -9.7582000e-01   0.0560  0.0431  0.0106  
   5.5817500e-01  -1.0832700e-01   8.2262200e-01   0.0792  0.0431  0.0106  
   6.8966700e-01  -7.2215700e-01   5.3383000e-02   0.0969  0.0431  0.0106  
   9.9247000e-01   1.2123600e-01  -1.7461000e-02   0.0560  0.0431  0.0106  
  -1.1237500e-01   8.9143200e-01   4.3900000e-01   0.0792  0.0431  0.0106  
  -8.4737900e-01  -4.2096300e-01   3.2363500e-01   0.0969  0.0431  0.0106  
  -2.4988200e-01   8.5053300e-01  -4.6276700e-01   0.0560  0.0431  0.0106  
  -4.4485500e-01  -4.9535200e-01   7.4614400e-01   0.0792  0.0431  0.0106  
   8.8942900e-01   1.2244000e-02   4.5691000e-01   0.0969  0.0431  0.0106  
   5.7065600e-01   5.6338000e-01   5.9745800e-01   0.0560  0.0431  0.0106  
   7.6583500e-01  -6.3339100e-01   1.1096800e-01   0.0792  0.0431  0.0106  
   2.1560500e-01   1.4510000e-03   9.7648000e-01   0.0969  0.0431  0.0106  
   5.9535700e-01   5.2453400e-01  -6.0861700e-01   0.0560  0.0431  0.0106  
  -1.8549800e-01   2.9553900e-01   9.3714900e-01   0.0792  0.0431  0.0106  
   3.3049400e-01   9.4287700e-01  -4.1911000e-02   0.0792  0.0431  0.0106  
   5.1194300e-01  -6.8285400e-01   5.2117700e-01   0.0000  0.0431  0.0106  
   8.4897400e-01  -4.9098100e-01   1.9540000e-01   0.0560  0.0431  0.0106  
  -3.7934400e-01  -3.2253700e-01   8.6721900e-01   0.0969  0.0431  0.0106  
  -5.2921000e-01   6.6620900e-01  -5.2545500e-01   0.0969  0.0431  0.0106  
  -7.0476300e-01   1.6941700e-01   6.8891700e-01   0.0560  0.0431  0.0106  
   9.4989200e-01  -4.1960000e-02  -3.0975000e-01   0.0792  0.0431  0.0106  
  -1.2902600e-01   7.5104800e-01   6.4751900e-01   0.0969  0.0431  0.0106  
   1.2819400e-01   8.6592200e-01   4.8347300e-01   0.0560  0.0431  0.0106  
   4.8767200e-01   3.9007900e-01   7.8103400e-01   0.0792  0.0431  0.0106  
  -5.6118100e-01  -7.7587600e-01   2.8825800e-01   0.0969  0.0431  0.0106  
  -4.8872600e-01   2.7720000e-01  -8.2722900e-01   0.0560  0.0431  0.0106  
   1.6047300e-01  -7.6729300e-01   6.2089600e-01   0.0792  0.0431  0.0106  
   7.4022700e-01  -2.6100200e-01  -6.1963100e-01   0.0969  0.0431  0.0106  
   3.6728700e-01  -9.2909100e-01   4.3481000e-02   0.0969  0.0431  0.0106  
   8.1023600e-01   5.6993900e-01   1.3670100e-01   0.0560  0.0431  0.0106  
   5.1194300e-01  -6.8285400e-01   5.2117700e-01   0.0000  0.0431  0.0106  
  -7.8177800e-01  -4.3661900e-01  -4.4518200e-01   0.0969  0.0431  0.0106  
   3.7820800e-01  -9.2286500e-01  -7.2661000e-02   0.0560  0.0431  0.0106  
  -9.2619100e-01  -2.1592900e-01  -3.0910400e-01   0.0792  0.0431  0.0106  
   5.6031100e-01  -7.1171200e-01  -4.2369700e-01   0.0792  0.0431  0.0106  
  -1.4917200e-01  -3.0269500e-01   9.4134200e-01   0.0560  0.0431  0.0106  
  -8.3170400e-01  -5.4124300e-01   1.2379500e-01   0.0792  0.0431  0.0106  
  -2.6228400e-01  -9.4586900e-01  -1.9115200e-01   0.0969  0.0431  0.0106  
  -3.8833700e-01   6.8167600e-01   6.2009100e-01   0.0560  0.0431  0.0106  
   1.0766600e-01  -1.9679300e-01   9.7451600e-01   0.0792  0.0431  0.0106  
  -9.4143200e-01   3.3718900e-01  -3.0940000e-03   0.0969  0.0431  0.0106  
  -4.7190700e-01  -7.6541500e-01   4.3754400e-01   0.0560  0.0431  0.0106  
  -1.2941000e-02  -9.8527100e-01  -1.7051400e-01   0.0792  0.0431  0.0106  
  -7.3997000e-02  -5.6980000e-02   9.9563000e-01   0.0969  0.0431  0.0106  
   9.7728800e-01  -1.4475600e-01   1.5477300e-01   0.0560  0.0431  0.0106  
  -5.0750200e-01   2.0344400e-01   8.3728900e-01   0.0792  0.0431  0.0106  
   9.5347200e-01   8.9648000e-02  -2.8784400e-01   0.0969  0.0431  0.0106  
   5.1194300e-01  -6.8285400e-01   5.2117700e-01   0.0000  0.0431  0.0106  
  -1.2840900e-01  -1.0914300e-01  -9.8569800e-01   0.0560  0.0431  0.0106  
  -2.2817700e-01   6.2802700e-01  -7.4398800e-01   0.0969  0.0431  0.0106  
   7.8141900e-01  -1.4404500e-01   6.0715400e-01   0.0792  0.0431  0.0106  
  -2.7272500e-01  -9.6127500e-01  -3.9643000e-02   0.0560  0.0431  0.0106  
  -5.2192200e-01  -6.8936000e-01   5.0237500e-01   0.0792  0.0431  0.0106  
  -3.5913900e-01  -3.1720900e-01  -8.7772400e-01   0.0969  0.0431  0.0106  
  -7.0383100e-01  -2.8495500e-01  -6.5071000e-01   0.0560  0.0431  0.0106  
   4.8450300e-01   6.7042400e-01   5.6195100e-01   0.0792  0.0431  0.0106  
   3.5593000e-02   9.3553100e-01  -3.5144700e-01   0.0969  0.0431  0.0106  
   8.2300500e-01  -3.4842900e-01  -4.4862100e-01   0.0560  0.0431  0.0106  
   4.4937400e-01  -5.6332700e-01   6.9334400e-01   0.0792  0.0431  0.0106  
  -7.4125200e-01   1.9509400e-01  -6.4224900e-01   0.0969  0.0431  0.0106  
   2.0940600e-01  -6.7124300e-01   7.1104300e-01   0.0560  0.0431  0.0106  
   9.8188600e-01  -1.8938900e-01  -5.7070000e-03   0.0792  0.0431  0.0106  
  -2.6418900e-01   4.2396300e-01   8.6629100e-01   0.0969  0.0431  0.0106  
   5.1194300e-01  -6.8285400e-01   5.2117700e-01   0.0000  0.0431  0.0106  
  -6.7617400e-01   6.2240100e-01  -3.9421500e-01   0.0560  0.0431  0.0106  
  -7.1504200e-01   6.4111000e-01   2.7873600e-01   0.0969  0.0431  0.0106  
   8.8752000e-02  -7.0602100e-01  -7.0260800e-01   0.0792  0.0431  0.0106  
   2.8501300e-01   6.3434300e-01   7.1859400e-01   0.0560  0.0431  0.0106  
   9.2046900e-01   2.7528300e-01  -2.7741100e-01   0.0560  0.0431  0.0106  
  -1.5508200e-01  -4.9897700e-01   8.5262700e-01   0.0792  0.0431  0.0106  
   6.5352600e-01   3.1534900e-01  -6.8808400e-01   0.0969  0.0431  0.0106  
   3.5862100e-01  -9.2195300e-01   1.4626500e-01   0.0792  0.0431  0.0106  
  -7.6541600e-01  -6.3765100e-01   8.6830000e-02   0.0969  0.0431  0.0106  
  -2.1659300e-01   9.5318300e-01  -2.1102100e-01   0.0560  0.0431  0.0106  
  -8.1910400e-01   5.6165000e-02   5.7089000e-01   0.0792  0.0431  0.0106  
   2.4627400e-01   5.8057300e-01  -7.7607000e-01   0.0969  0.0431  0.0106  
   4.8200300e-01  -6.4325000e-02  -8.7380600e-01   0.0560  0.0431  0.0106  
   2.1095000e-01   9.2124900e-01  -3.2680400e-01   0.0792  0.0431  0.0106  
  -1.9244700e-01  -6.6486500e-01  -7.2174700e-01   0.0969  0.0431  0.0106  
   5.1194300e-01  -6.8285400e-01   5.2117700e-01   0.0000  0.0431  0.0106  
   1.6349400e-01  -4.2178000e-01  -8.9183600e-01   0.0560  0.0431  0.0106  
  -7.1804700e-01   6.7308800e-01   1.7709000e-01   0.0792  0.0431  0.0106  
   4.5376600e-01  -1.2004500e-01   8.8299900e-01   0.0969  0.0431  0.0106  
  -7.1752300e-01   2.8785800e-01  -6.3427100e-01   0.0560  0.0431  0.0106  
  -4.7270000e-01  -1.3828100e-01  -8.7030700e-01   0.0792  0.0431  0.0106  
  -9.5434600e-01  -1.9160000e-01  -2.2915900e-01   0.0969  0.0431  0.0106  
  -3.5228400e-01  -6.0613400e-01   7.1309100e-01   0.0560  0.0431  0.0106  
   5.6471100e-01   8.1665600e-01   1.1905700e-01   0.0792  0.0431  0.0106  
  -5.8522900e-01   7.3386000e-02   8.0754100e-01   0.0969  0.0431  0.0106  
   7.8406400e-01  -6.1434500e-01  -8.8457000e-02   0.0560  0.0431  0.0106  
  -7.8994000e-02  -3.8046300e-01  -9.2141700e-01   0.0792  0.0431  0.0106  
   1.5693400e-01  -9.0390900e-01  -3.9789500e-01   0.0969  0.0431  0.0106  
   8.5519800e-01  -4.3669700e-01   2.7916200e-01   0.0792  0.0431  0.0106  
  -6.7236900e-01  -6.6098300e-01  -3.3320000e-01   0.0560  0.0431  0.0106  
  -6.6381300e-01   6.8609200e-01  -2.9770900e-01   0.0969  0.0431  0.0106  
   5.1194300e-01  -6.8285400e-01   5.2117700e-01   0.0000  0.0431  0.0106  
   7.1373100e-01   2.4951800e-01  -6.5446900e-01   0.0560  0.0431  0.0106  
   5.4807000e-01   7.2323100e-01   4.2018600e-01   0.0969  0.0431  0.0106  
   6.5455900e-01   3.6841300e-01  -6.6017100e-01   0.0792  0.0431  0.0106  
  -3.3003400e-01  -8.2000700e-01   4.6761900e-01   0.0969  0.0431  0.0106  
  -9.3609900e-01  -8.6839000e-02  -3.4085000e-01   0.0560  0.0431  0.0106  
  -8.7269600e-01  -4.4643000e-01  -1.9774200e-01   0.0792  0.0431  0.0106  
   1.9184000e-02   9.6332700e-01   2.6764400e-01   0.0560  0.0431  0.0106  
   3.3941500e-01  -8.0572700e-01  -4.8538900e-01   0.0792  0.0431  0.0106  
   6.5578000e-01  -5.5586800e-01  -5.1084600e-01   0.0969  0.0431  0.0106  
  -1.0020200e-01   9.8841900e-01  -1.1396400e-01   0.0969  0.0431  0.0106  
  -3.8668800e-01  -2.1517000e-02  -9.2196000e-01   0.0560  0.0431  0.0106  
   3.9097100e-01  -3.0061800e-01   8.6992600e-01   0.0792  0.0431  0.0106  
   4.9836500e-01  -8.1481100e-01  -2.9616700e-01   0.0560  0.0431  0.0106  
   1.0800200e-01  -9.0656000e-01   4.0802600e-01   0.0792  0.0431  0.0106  
   9.4652300e-01  -2.0188400e-01   2.5167000e-01   0.0969  0.0431  0.0106  
   5.1194300e-01  -6.8285400e-01   5.2117700e-01   0.0000  0.0431  0.0106  
  -2.0828000e-02  -8.2595600e-01   5.6335000e-01   0.0560  0.0431  0.0106  
   3.2361000e-02  -2.0357500e-01  -9.7852500e-01   0.0969  0.0431  0.0106  
   1.7057400e-01   8.1246800e-01   5.5749500e-01   0.0792  0.0431  0.0106  
   9.6877700e-01  -4.2582000e-02  -2.4424900e-01   0.0560  0.0431  0.0106  
   4.1504000e-01   5.0426000e-02  -9.0840500e-01   0.0792  0.0431  0.0106  
  -9.3759200e-01  -2.1826000e-01   2.7071200e-01   0.0792  0.0431  0.0106  
   9.1300100e-01   4.0790900e-01  -6.3270000e-03   0.0560  0.0431  0.0106  
  -2.9889700e-01   3.7540200e-01  -8.7734500e-01   0.0969  0.0431  0.0106  
   9.4721900e-01   3.0073600e-01  -1.1105600e-01   0.0969  0.0431  0.0106  
  -1.3815700e-01   4.6874800e-01  -8.7246100e-01   0.0560  0.0431  0.0106  
  -6.3859400e-01   6.8751300e-01  -3.4572400e-01   0.0792  0.0431  0.0106  
  -9.0882900e-01   1.4312600e-01   3.9184800e-01   0.0969  0.0431  0.0106  
  -4.6814300e-01  -8.8365200e-01   9.7200000e-04   0.0969  0.0431  0.0106  
   3.5644800e-01   9.1475000e-01  -1.9020300e-01   0.0560  0.0431  0.0106  
   5.1194300e-01  -6.8285400e-01   5.2117700e-01   0.0000  0.0431  0.0106  
  -8.3918300e-01  -7.9948000e-02  -5.3794100e-01   0.0792  0.0431  0.0106  
  -1.1562400e-01   7.8338200e-01   6.1069200e-01   0.0560  0.0431  0.0106  
   5.2961000e-01  -8.3928900e-01  -1.2291600e-01   0.0969  0.0431  0.0106  
   7.7712300e-01  -4.8885700e-01  -3.9635700e-01   0.0792  0.0431  0.0106  
  -4.9956300e-01  -3.3833800e-01  -7.9747400e-01   0.0560  0.0431  0.0106  
  -5.8970000e-02   5.8400000e-02   9.9655000e-01   0.0792  0.0431  0.0106  
  -7.8988800e-01  -2.2733100e-01  -5.6956000e-01   0.0969  0.0431  0.0106  
  -4.9193000e-01   7.9108300e-01  -3.6358400e-01   0.0560  0.0431  0.0106  
  -7.2369800e-01  -5.7840400e-01   3.7644400e-01   0.0792  0.0431  0.0106  
  -1.8114400e-01   8.0447700e-01  -5.6568900e-01   0.0969  0.0431  0.0106  
   6.4307800e-01  -4.9394200e-01  -5.8521200e-01   0.0560  0.0431  0.0106  
  -2.2154900e-01   9.6494100e-01   1.4072900e-01   0.0792  0.0431  0.0106  
   3.2535700e-01  -6.6653900e-01  -6.7072300e-01   0.0969  0.0431  0.0106  
  -2.7074100e-01  -9.9376000e-02   9.5750900e-01   0.0560  0.0431  0.0106  
   7.0453800e-01   5.3893200e-01  -4.6171300e-01   0.0969  0.0431  0.0106  
  -6.7451100e-01  -5.3154600e-01  -5.1234200e-01   0.0792  0.0431  0.0106  
   5.1194300e-01  -6.8285400e-01   5.2117700e-01   0.0000  0.0431  0.0106  
  -1.8613400e-01  -2.5977100e-01   9.4756200e-01   0.0969  0.0431  0.0106  
   8.0118000e-01   1.2300000e-02   5.9829700e-01   0.0560  0.0431  0.0106  
   2.5090000e-03   6.5628500e-01  -7.5450900e-01   0.0792  0.0431  0.0106  
  -6.5216000e-01  -6.9703300e-01   2.9804900e-01   0.0560  0.0431  0.0106  
  -5.4288400e-01   4.2103000e-01   7.2664300e-01   0.0792  0.0431  0.0106  
  -7.1306300e-01   4.3342300e-01  -5.5107800e-01   0.0969  0.0431  0.0106  
  -3.7104400e-01  -7.6436000e-01  -5.2733400e-01   0.0560  0.0431  0.0106  
   9.9105000e-01   1.4801000e-02   1.3267300e-01   0.0792  0.0431  0.0106  
  -9.1743000e-02  -9.2308200e-01  -3.7350200e-01   0.0969  0.0431  0.0106  
  -9.1987300e-01   3.9191600e-01  -1.5370000e-02   0.0560  0.0431  0.0106  
  -4.1827700e-01  -8.6114200e-01   2.8892700e-01   0.0792  0.0431  0.0106  
  -3.4555700e-01  -5.1131200e-01  -7.8686100e-01   0.0969  0.0431  0.0106  
   8.4297200e-01  -5.3758700e-01  -1.9968000e-02   0.0969  0.0431  0.0106  
  -3.5825700e-01   2.8796400e-01   8.8810400e-01   0.0560  0.0431  0.0106  
  -6.1838900e-01   3.3562700e-01  -7.1059900e-01   0.0792  0.0431  0.0106  
   5.1194300e-01  -6.8285400e-01   5.2117700e-01   0.0000  0.0431  0.0106  
   3.0761000e-02   9.6846600e-01  -2.4723900e-01   0.0560  0.0431  0.0106  
  -5.3862900e-01  -1.3756500e-01   8.3123800e-01   0.0969  0.0431  0.0106  
  -1.2435400e-01   5.1725000e-01   8.4675200e-01   0.0792  0.0431  0.0106  
   7.7703500e-01   4.0762200e-01  -4.7964800e-01   0.0560  0.0431  0.0106  
   2.3621200e-01   9.5840400e-01   1.6020500e-01   0.0792  0.0431  0.0106  
   7.5513800e-01   5.9333600e-01   2.7878300e-01   0.0969  0.0431  0.0106  
  -4.4668300e-01  -1.0169400e-01  -8.8889400e-01   0.0969  0.0431  0.0106  
  -7.9172900e-01   4.1827700e-01  -4.4520800e-01   0.0560  0.0431  0.0106  
   3.3398200e-01   3.4124300e-01  -8.7864100e-01   0.0792  0.0431  0.0106  
  -4.8721300e-01   8.3945700e-01  -2.4069700e-01   0.0969  0.0431  0.0106  
  -9.0097000e-02  -4.5178100e-01  -8.8756800e-01   0.0560  0.0431  0.0106  
   5.8895500e-01  -8.0507200e-01   7.0643000e-02   0.0792  0.0431  0.0106  
  -3.7099000e-01   4.7778800e-01  -7.9629500e-01   0.0560  0.0431  0.0106  
  -8.9104200e-01   2.4277500e-01   3.8354300e-01   0.0792  0.0431  0.0106  
  -4.7922200e-01   2.9487200e-01   8.2667900e-01   0.0969  0.0431  0.0106  
   5.1194300e-01  -6.8285400e-01   5.2117700e-01   0.0000  0.0431  0.0106  
  -9.8075300e-01   1.2793500e-01   1.4749900e-01   0.0969  0.0431  0.0106  
  -6.5096100e-01  -7.5095200e-01  -1.1100000e-01   0.0560  0.0431  0.0106  
  -6.6857800e-01  -1.1175400e-01  -7.3519800e-01   0.0792  0.0431  0.0106  
   8.6123900e-01  -1.2991500e-01  -4.9131500e-01   0.0560  0.0431  0.0106  
  -2.9910000e-01  -4.1588100e-01  -8.5882600e-01   0.0792  0.0431  0.0106  
  -1.2135700e-01  -9.9259600e-01   5.1320000e-03   0.0969  0.0431  0.0106  
  -6.0639300e-01   7.8882700e-01   1.0020100e-01   0.0560  0.0431  0.0106  
  -7.3901900e-01  -6.7314500e-01  -2.6973000e-02   0.0792  0.0431  0.0106  
   1.3618000e-02   5.7894500e-01  -8.1525300e-01   0.0969  0.0431  0.0106  
   3.0955600e-01   4.4046900e-01  -8.4271100e-01   0.0560  0.0431  0.0106  
  -3.7103600e-01   7.2562700e-01  -5.7948100e-01   0.0792  0.0431  0.0106  
   8.4076400e-01   2.5554000e-01  -4.7730100e-01   0.0969  0.0431  0.0106  
   7.4561000e-01   4.5885600e-01   4.8323700e-01   0.0560  0.0431  0.0106  
  -6.1478000e-02   5.9662600e-01   8.0016200e-01   0.0969  0.0431  0.0106  
   7.9274800e-01   1.5592200e-01  -5.8927000e-01   0.0792  0.0431  0.0106  
   5.1194300e-01  -6.8285400e-01   5.2117700e-01   0.0000  0.0431  0.0106  
   1.5152000e-02  -8.2267000e-02   9.9649600e-01   0.0560  0.0431  0.0106  
  -9.0754900e-01   4.1552800e-01  -6.0758000e-02   0.0792  0.0431  0.0106  
   3.5459100e-01   6.9816400e-01  -6.2195900e-01   0.0969  0.0431  0.0106  
  -1.8275000e-01   9.6868600e-01   1.6807900e-01   0.0560  0.0431  0.0106  
  -3.0153900e-01   8.4042000e-02  -9.4974300e-01   0.0792  0.0431  0.0106  
  -3.2811400e-01   9.1480100e-01   2.3554200e-01   0.0969  0.0431  0.0106  
   9.5826300e-01   2.3962700e-01   1.5591900e-01   0.0560  0.0431  0.0106  
   5.3312800e-01   7.6699800e-01   3.5705600e-01   0.0792  0.0431  0.0106  
  -6.6633100e-01   5.6898000e-02  -7.4348300e-01   0.0969  0.0431  0.0106  
   6.7170200e-01   4.4059000e-02  -7.3951100e-01   0.0560  0.0431  0.0106  
   3.4275500e-01   6.5585500e-01  -6.7258700e-01   0.0792  0.0431  0.0106  
   4.2753000e-01   8.5554500e-01   2.9199600e-01   0.0969  0.0431  0.0106  
  -2.6588500e-01   5.8968700e-01   7.6261100e-01   0.0560  0.0431  0.0106  
   4.1818900e-01  -5.9056800e-01   6.9018000e-01   0.0969  0.0431  0.0106  
  -5.1572000e-01   6.1606200e-01   5.9540000e-01   0.0792  0.0431  0.0106  
   5.1194300e-01  -6.8285400e-01   5.2117700e-01   0.0000  0.0431  0.0106  
   2.7130400e-01   7.6499000e-01  -5.8411100e-01   0.0560  0.0431  0.0106  
   1.3060500e-01   9.8641800e-01  -9.9608000e-02   0.0792  0.0431  0.0106  
   8.6485800e-01  -2.2210000e-01   4.5021400e-01   0.0969  0.0431  0.0106  
   2.6212500e-01   9.2361300e-01   2.7969600e-01   0.0560  0.0431  0.0106  
  -4.1178200e-01   7.2453000e-01  -5.5271400e-01   0.0560  0.0431  0.0106  
   7.2332800e-01   6.3759100e-01  -2.6509400e-01   0.0969  0.0431  0.0106  
  -1.7339200e-01  -2.3427000e-01  -9.5658400e-01   0.0969  0.0431  0.0106  
   8.3840800e-01  -2.9554500e-01   4.5795800e-01   0.0792  0.0431  0.0106  
   3.2103700e-01  -1.4778800e-01  -9.3546500e-01   0.0792  0.0431  0.0106  
  -8.3211400e-01   4.8195700e-01   2.7441600e-01   0.0560  0.0431  0.0106  
   7.7783300e-01  -3.9988100e-01  -4.8484200e-01   0.0969  0.0431  0.0106  
   3.3978400e-01  -8.9011000e-01  -3.0373000e-01   0.0792  0.0431  0.0106  
   6.2261900e-01  -1.4417000e-01   7.6913000e-01   0.0560  0.0431  0.0106  
   9.9341900e-01   2.8034000e-02  -1.1105700e-01   0.0792  0.0431  0.0106  
   4.1643500e-01   6.8068800e-01   6.0269900e-01   0.0969  0.0431  0.0106  
