0.9469594860992259 -0.06721957442821151 -0.3142439506185925
-0.2384877275734287 0.9700781274533804 -0.04551956099750088
0.3057038149965603 -0.8027890703575454 -0.5119325014208581
-0.8620761982531664 -0.4038666996471413 -0.3061312093228871
-0.4114405432728521 -0.6498480625376913 -0.6390729027015222
0.9927304168623563 -0.07696499633840273 -0.09253490571088265
0.3666913509258711 -0.9063854943757615 -0.2097684169301139
-0.1245717027198822 0.3435543572936673 -0.9308341927894596
0.6529911171392465 -0.3738091491671455 0.6586875746028414
-0.4944386895942182 -0.6424157317200835 0.5855189235805296
0.4899513025853203 0.8696420253341558 0.06058439458850493
0.2680388299083291 0.004305415889524069 -0.963398489232463
0.5878149120102929 -0.3818107066923667 0.7132280234773498
0.55640473999183 0.3981846227163319 0.7292892235230659
-0.568617080450541 0.1275971006698895 0.8126460457791825
0.6093254757732626 0.03888098976111761 -0.791966371261358
0.3514178672565734 0.9331952480384886 0.07518052680864321
-0.9732546036870608 -0.160242929526688 -0.164613729496197
-0.166092717068938 0.9818391664438393 -0.09167911743425868
-0.4164712943015953 -0.1772104053967461 -0.8917107901342649
-0.08108113199492015 0.1225040685339912 0.9891504451937742
-0.6176201966708921 0.7512369192782912 -0.2327839852255115
-0.7388144865372293 0.6718357110152989 -0.05281980582412466
-0.5005261760631402 0.5781159104152326 -0.6444032442503507
-0.4708729534175567 0.009525380370905208 0.8821496068517046
0.3658202446745581 -0.4794839274764429 0.7976657895873508
0.4261362239449756 -0.3951429474350404 -0.8137997110679425
-0.1000618286248582 0.9032235792409266 0.4173425407928832
-0.810411315576312 0.1348787136876625 -0.5701238744166334
-0.6174271089388027 -0.7049066724501986 -0.3491279826691933
0.3675838879913604 -0.651390686322505 -0.6637561744055198
0.4995582168368644 -0.1535364328595722 -0.8525656290137027
0.7248673502638824 0.2863064939397084 0.626574748972036
-0.3064794138217543 0.9366789475721758 -0.1694193556786093
0.5141956937606318 0.03378239925253562 0.8570073150322376
0.4457233883462635 -0.6316389461122642 -0.6343208201181122
0.8089695589445317 -0.5218838242526795 -0.2705651985834254
-0.4312606633785054 0.5748636780546384 -0.6953747132847331
0.2046898005419159 0.2365019745057901 0.9498257217031835
-0.3008874948437449 0.9387291814948248 0.1680899736947801
-0.1217068416991461 0.4209553813376711 -0.8988793086986011
0.05179252731471057 0.7651842360260525 0.6417247221757796
0.9631044674492182 -0.2680425278479313 0.02414514535571808
0.2170675929070401 -0.3783268527218429 -0.8998613518865718
0.06589331190452892 -0.9322638127105657 -0.3557277820983509
0.2139956454824326 -0.9324049055117257 -0.29125067535068
0.25125122968383 0.5791382529375695 0.775546067984864
0.6190531145214249 0.7128500131139569 -0.3295726023272494
-0.725778713871818 0.08441186384778437 -0.68272973842679
-0.8420125006990432 -0.5324418153010179 -0.08672175035999102
-0.2862211893201762 -0.2427621448286319 -0.9269001951787184
0.1266056778164041 -0.2691537580233109 0.9547393659457947
-0.7832902343998378 0.2123284345810627 -0.5842713792084997
0.5273051466859291 0.3876914008412845 -0.7560718616588328
-0.1541040828287445 0.5730581432443093 -0.8048952081587368
0.7346356302753461 -0.5833290709711252 0.3464645518518585
-0.545729061505981 0.7691813687089649 0.3324752824779681
-0.803780300947593 -0.01322973767199332 -0.594779120220042
0.4291181684169765 -0.4104383107058066 0.8046104589423526
-0.4273110442297252 0.1779223750049962 0.8864247852761584
-0.01646775686339171 0.4405602579860455 -0.8975719871225689
0.9431968369424094 -0.2611499026952726 -0.2053788087999428
-0.4903555947537462 -0.1813023112066159 -0.8524557833957368
0.784368279747487 -0.6200411571982403 0.0177585220734998
-0.3972842170704476 0.4696073641902438 0.7884378062758109
-0.086789805806571 0.76983690147002 0.6323121655820774
0.6809398225306293 0.7310510892606625 -0.04341961518431386
0.7739686565412307 0.597854278202791 -0.2086690698843084
0.03543015249167279 0.4233768319418202 0.9052606047262438
-0.3068185835036231 0.9480348872470749 0.08421525621439627
-0.0696252897443556 -0.5480312232250601 0.8335550955986407
-0.609060523817611 0.4452124153915899 -0.6563773179415966
0.01172600838522798 0.5567768394315261 0.830579347082499
-0.9703543189489844 0.1030724748796706 -0.2186059482704727
-0.2853795026563487 -0.4521648161922091 -0.845047642716954
-0.9677825876536593 0.2085967823652684 0.1410115081163387
-0.2198214680634706 0.1632780598081765 0.9617789753179772
0.5701250974668464 -0.3468421097425453 -0.744753599620545
0.9838705456001885 0.1555614448853936 0.08831413457400841
-0.5671128581331658 0.8061299150739697 0.1689306548938535
-0.01073359138447893 0.9641642475254818 -0.2650888413525031
0.1205415812453609 -0.5873617815357224 -0.8002973602243422
-0.3261020602918572 -0.5878425102348224 -0.7403368351191427
0.2212334017847933 -0.8986661892646437 0.3787543560241809
0.418880210991425 0.7028612102764654 0.5749134612517623
0.2929143360901992 -0.896590743471072 0.3321539258157704
-0.4918352112076038 -0.7405440327625142 -0.4579221118882601
-0.1502182157315078 -0.9394912906124802 -0.3078808251998468
-0.2694420787583072 0.4346665196786032 0.8593404347898992
0.8822597657332848 -0.4549756712876514 0.1208918702998697
-0.09183667611728823 -0.3632332557430536 -0.9271610576604422
0.2902703715379292 0.8798312969299157 0.3763509005567215
0.4299655043511776 -0.8672452358480968 -0.2510286158325711
-0.3836025041358531 0.7879689476483323 0.4816160881476892
-0.1704142166696583 0.8780473488918019 0.4472044810385348
0.5889060523731169 -0.58205235247864 -0.5607180400632681
0.5736711442908838 -0.8190857080199708 -0.0001453458328365722
-0.100714690190323 0.7072956601907546 0.6997066530019505
-0.6727179060416645 -0.6829884026374026 -0.2845653892407292
-0.4901014431725975 -0.8423698531558114 -0.224083926006294
0.8436305428365017 0.5329801637400404 -0.06495885045957277
-0.4770226954744998 -0.5234843752202558 0.7059840344529763
0.9511519815826704 0.2107051249466922 0.2256396646260543
-0.2489633253384988 0.6250687259151219 0.7398015615820523
0.794086984840467 0.6017006808430808 0.08591944587780513
-0.4821495279645909 -0.6447516188017739 -0.5931502193677536
0.3561061779579727 0.8003332295458807 0.4823433545772404
0.1568802605447353 -0.9743658560614056 -0.1612444181766935
0.07867119439511827 -0.9774686905542747 -0.1958719024223663
-0.06306233044369422 -0.493530418803767 -0.867439259080651
0.06933416716360634 0.9211184675732333 -0.3830581443583566
-0.312821388707901 -0.09688246205736552 -0.9448579614484728
0.6003993404583654 0.4632077230367763 -0.6518889762039585
0.9836379466304389 -0.04554498744544731 -0.1743044579672245
-0.6224034160628568 0.7543743849161636 0.2086462917371085
0.1900652492998172 0.6325747867151573 0.7508157831458205
0.8681826599972111 -0.3677708963356459 0.3331717825516481
-0.4168923192058617 -0.9085344776215368 -0.02767484706587215
-0.8295101250288203 0.5497824057152065 0.09824591004551406
-0.8709338552673677 0.3691989410705892 0.3242936349382696
-0.25905019900831 -0.3822682949674685 -0.8869971505345549
-0.1339892321926376 -0.8337869225170922 -0.5355802960303003
0.2877897596119728 0.08948401260225039 -0.9535038886921664
0.8928139077714882 -0.2336748039190787 0.3850706585851288
-0.05925667684340968 -0.8628486965917395 -0.50197686504401
0.5079387021247788 -0.851935192664268 0.1272976919817957
-0.07839165042243817 0.4801684103890368 -0.8736664390993349
0.8620019649658239 0.4493987323793422 0.234506698690888
-0.1381681239354038 -0.9570254197557845 0.254974342766945
-0.7189980051711936 -0.6653926574549773 0.2007348499011759
-0.6550152237503402 0.5494092276901251 0.5187528864346032
0.3648031842814923 -0.5409962427474155 -0.7577873725995065
-0.3772020030602286 0.9175525842771118 -0.1257612975988443
0.8560704935989321 0.3042648521336781 -0.4178112130440636
0.6760843055771731 0.6435632696274813 0.3587984528096761
0.9270344139261185 0.3383027041446368 0.1617358209089267
-0.440406933923156 0.6908493407964394 -0.5733837466073921
-0.2975550705728808 0.6738925402551077 -0.6762616536259365
-0.5174366466360477 -0.2360288082804494 0.8225264241225037
0.6719781926311901 0.6909761070898441 -0.2664532380345253
0.1361413558581147 -0.1405744107164234 0.9806652671920448
-0.2844868143412169 0.7619642809451905 0.5817883524355441
0.2453277184074646 -0.0803264012151014 -0.9661066089458338
0.364782982738461 0.2481212982041788 0.8974236440399287
0.2204455216561754 0.7782721049874093 -0.5879594395706251
-0.1451229721926438 -0.6427576677148037 0.7521980480802907
-0.1198352895254152 -0.4343831941796545 -0.8927209776848759
-0.7419286098556303 -0.6677562320865157 0.06036184545979
-0.2185575781975858 0.133110316501982 -0.966702761273158
-0.8584561746539267 0.4733057506651558 -0.1975719175030717
-0.07790835083986021 -0.9595297822196824 -0.2706157532422349
0.8282388963512479 0.4357666391698156 -0.3523177071302417
-0.06056969851873879 -0.9730657496699835 0.222428322028788
-0.411003272129514 0.04680472400770916 -0.9104315614637899
-0.6072782605463497 -0.5694111060357294 -0.5540614646327313
0.047191810202453 -0.3749889258193091 0.9258273265370257
-0.219208788485958 -0.7242176555525759 0.6538014181970312
-0.613292593355271 0.3962165733697302 0.6832895593543893
-0.680920453496073 0.4954723150629998 -0.5393092999539445
-0.6993857287654786 0.2873759062641991 0.6544269943225224
0.7728070851414934 0.4566853020835113 0.4406900770564284
-0.0007630739167108564 0.8206337638173719 -0.5714539731256857
0.994182562752977 -0.1073025978336471 -0.009337259559084956
0.1485152494119295 0.3013641097462554 0.9418720157478718
0.9974298529706932 0.05603692041032053 -0.04464921000184378
0.5950097659519923 0.5160365183592567 0.616173425377476
-0.9183343566460765 -0.386010116713638 -0.08751113756637091
0.4870103694548408 0.5860199355180096 -0.6476121796406606
-0.8764413366971999 0.03325676952783895 -0.4803587936209742
-0.5694797046214487 0.6290436242604851 -0.5291474131104689
0.1362163258416777 0.5008163113617203 -0.8547678836083129
-0.9021324397640861 0.4293071523842694 -0.04303986567134672
0.2202560303691855 0.8264397323114093 -0.5181550443091861
-0.07526239111800388 0.8404929430445687 -0.5365698325246027
0.1202389933149535 0.2274105860503352 0.9663472511674309
0.361234581036094 -0.5612229909506199 0.7446733054783945
0.01620332146163986 -0.8450196892713049 -0.5344896417307246
0.2240021287219595 -0.8195437819585289 0.5274192220436623
-0.1516565924661727 0.9270176061895723 -0.3429848914691497
0.4634692285334066 0.3271508638935142 0.823509918857312
-0.370982218022792 0.7829624833323817 -0.499341509995794
0.1627657898633246 -0.9835681189072752 -0.07810923837403737
0.7273438415296478 0.6204645916433636 0.2932484044385042
-0.5565413321416163 -0.725242078744516 -0.4053216905574739
0.9367269314855896 -0.3479594901584658 0.03829946524760187
-0.2320283429461744 -0.3101710468711095 -0.9219310005377477
-0.2910893171248363 -0.8332598858101627 0.4700478402837643
-0.8152196011696315 0.02486122302730249 0.5786181136625553
0.8114204062103257 0.1907191321061258 0.5524700327023685
-0.2140140084052108 -0.9053295638040079 0.3668465416339364
0.8229836394757247 0.4790931468477548 0.3052338215185303
-0.8315423074362693 0.5551221530815432 0.01941097889537819
-0.4698008112221871 -0.4507174526008144 0.7590395086528815
-0.3386754388847736 -0.3890239638504895 -0.8567142479533413
0.2090937685961762 0.5257999047619856 -0.8245084936412335
0.9883250098064825 0.1410173443452517 -0.05768694466540225
0.2984768277903874 -0.2670833663834843 0.9162849222122195
0.445753056884209 -0.891122098026477 0.08488591571793848
-0.498197123252101 -0.6938460261927222 0.5199781902348397
0.5609416456002774 0.729376469612861 -0.3916049486489317
-0.6016213634458616 -0.328344853295104 -0.7281767590085249
-0.02362307321604012 0.7389274858153383 0.6733707159644327
0.5709009174462955 -0.816645083811062 0.08463421025921961
-0.9370123448587633 -0.3491319659230239 -0.01071148696523938
-0.6218310581484739 0.5067168618896246 -0.597129933095537
-0.8562537736567268 0.05705328079540659 0.5133949729487964
-0.2632813492833549 -0.3947053338352977 0.8802787232243559
0.280262540917689 0.5474764899258092 -0.7884937546593985
0.2986877340000801 -0.7798027864482948 0.5501756554095907
-0.7028995826475725 -0.2311642003928791 0.6726777008126472
-0.3982612695026052 0.03346429533510266 0.9166613890373578
-0.1538732599345246 0.639191265387696 -0.7534968786459558
-0.1505322134265868 0.8088189099228288 -0.5684646195429753
0.7124012633925024 0.06259695571351426 0.6989750074588983
-0.1476638786475039 -0.8133590901560828 0.5627098447719253
0.3762192571280635 -0.1179085977244955 -0.9189976241256835
0.3993407597217944 0.5916289389439912 0.7003585911722846
0.002866037040318794 -0.9052734341724276 0.4248197208385495
-0.6114669430464238 0.1855466929856925 0.7692077757560274
0.5582616896894882 -0.03658001313851911 0.8288581232417424
0.9018311145652134 0.3270788408530314 -0.282347432551285
0.4861288995779577 -0.04263379946778946 0.8728465226705463
-0.5407604710888287 -0.5822176664585615 -0.6071249474130803
-0.5919024369184723 0.2678126685195038 0.7602156797583409
0.1414602632839874 0.8739427478218367 0.4649871691146356
-0.8390773441253843 0.5285190109584897 -0.128906421992667
0.9663171871199324 -0.09810652872584956 -0.2379205810727307
0.434769066214142 0.1353454060564047 -0.8903131359935729
-0.5611283577425945 -0.6370561663324504 0.5284831190065584
-0.5779625505715102 -0.4590373838894182 -0.6747176967657167
0.4219367743225172 0.8999424436124001 0.109877006963475
0.08525748542858826 -0.9897264232912676 -0.1147726806233464
-0.3540604126778835 -0.8702543203535711 0.3424888933678152
0.6136559264305063 0.7402864621998457 0.2745948976954121
0.9490887261053673 -0.2973008943280214 0.1041286137977924
0.5795619273858227 0.8099293124408744 -0.09012480887016049
0.1958013214971077 0.6929591376884472 0.6938800155603777
-0.8439543825625833 0.2279947664288309 0.4855506015179796
0.9287659550374235 0.2441651781684546 -0.2788855796440353
0.6756970937132486 0.3152222481908611 -0.6663845524867519
0.5064012751572647 -0.6886022113590453 0.5190228733211369
-0.6255659258356644 -0.3889283885242969 -0.6763150013368487
0.8286438695496124 0.09411233927740571 0.5518081234030354
0.6087568072452957 0.115606348167176 0.7848887321754362
-0.9911494506515346 -0.08016725608942904 -0.1058110463243482
-0.3519664280312889 0.2010742434999274 0.9141601512535029
0.09029124860406985 -0.8205672053990017 -0.5643730608818874
-0.6240438210596423 -0.6249008825143413 0.4691142679881722
0.9319364346271598 0.2948995909929563 -0.2110182765700755
-0.1727635431684338 0.2070697536580602 -0.9629511281845404
0.7860353564945545 0.1360435399185008 0.6030261798520211
-0.2319247215585246 -0.09172759555736598 -0.9683991799579682
-0.4722429737548798 0.4525521064887638 -0.75642789785394
0.4407761482075769 -0.7418022287890474 0.5054165020405389
0.3228627380522999 -0.837254969162079 -0.4413204833120465
-0.7165487478442794 0.2082851850767596 0.6657140329303083
0.7170184790030426 -0.665355200901662 0.2078147189235459
0.6280031466246472 -0.5648250680934386 0.5353360535988443
-0.6102367492579988 -0.7501620269159053 0.2546920556838221
0.2523692984438466 0.3145899149146918 -0.9150644363305392
-0.04617079717865859 -0.3955651668586063 0.9172766519736617
0.4016312308152934 -0.8200962632402101 -0.4075959683966914
-0.5584846925416505 -0.09657960201078995 0.8238733086294855
-0.2706019478967048 -0.9614794581848831 0.04828910107894772
0.984503810891911 -0.1583870434225041 -0.0752714475427602
0.4034870037759428 0.435164768920497 -0.8048787869451417
-0.8542916620674963 -0.149209227925705 -0.4979180278155932
-0.8849238585922653 0.3943781095613768 0.247741137466048
-0.6981030662981803 0.1610239345158566 -0.6976556466754295
0.5850842240307904 0.04005129880177892 0.8099829283723076
-0.340470438841987 0.865420851671878 0.3675957423124843
-0.3742964270147094 0.9032513048975491 -0.2098553428552563
0.3230629621226552 -0.05706880008712706 -0.9446552146477313
-0.3521434171417118 -0.755458129053773 -0.5525197091600725
0.9052585740627597 0.4247180661232868 0.0110217237469658
-0.55529616302729 -0.5842714888306545 0.5918386593209165
0.9399207295077541 0.1708415754152431 0.2955709362424683
0.003302493416377938 -0.5878276429511462 0.8089794532123389
0.6803668321084443 0.5575119975982658 -0.4756903891195528
-0.6422685111271411 -0.7583180680841646 0.1115565651659537
0.6900452936251389 0.3719254742743557 0.6208936578284494
0.5793134866142781 0.2587544802103854 0.7729437257639536
0.3497954801722358 0.5655270719492352 -0.7468749915103595
0.6342838304929913 -0.09929687087290501 -0.7666969113084962
0.3395089680031885 0.1728346679457078 0.9245873880826555
0.06084455381419172 0.997811634318006 0.02588209208664935
0.2751867091863854 -0.9022092209953803 -0.3321005821104158
-0.4890882356991374 -0.07443801529199501 0.8690521731059038
0.2059752754744285 0.9596803053270327 -0.1912796315885374
0.5431633982092923 -0.4510200367146264 0.7082050898769867
-0.8141044929743974 0.1064319579302706 0.5708818729387268
-0.31737539275806 -0.2568413991883681 0.912855605084741
-0.7394532135187839 0.324464079007464 0.5898576154044145
0.9817122416799268 0.1900819584444947 0.01048444608353335
-0.1919291410795891 0.3762256467267503 -0.9064311708836418
0.7351955448922579 0.5363713693308859 -0.414479510871993
0.3345266455202585 0.9380013711248015 -0.09080391624239449
-0.9170708908829331 0.3978651192651967 0.02615966298090277
0.4902814905748337 0.8156491561232689 0.307149009627442
-0.5391759303581617 -0.1096917466129626 -0.8350191835205993
0.5165457439266319 -0.388135341357035 0.7632374802254804
-0.816903720749356 -0.1948952384625445 0.5428481896907147
-0.9537643345293373 -0.254633871342321 -0.1596721194981543
-0.1427934599786294 -0.5746351639982608 0.8058563495338507
0.09083524965258111 -0.9953424477343844 -0.03228574234360307
-0.03530855265671558 0.6076861410446006 0.793391996488249
-0.8023107649531371 0.3912719911453584 0.4507811723946094
-0.4052429151196261 0.6929698506686988 0.5962977157507389
0.9186696699737319 -0.3785448882752426 0.1129150345659904
-0.1892534500535608 -0.3705787997360516 0.9093153934851274
-0.8908586335727855 0.08958019130786976 0.4453608473070741
-0.001091823301257739 0.865891593143728 -0.500230503712934
-0.5456601034309964 0.2121052320272591 0.8107196938956996
0.2923799060109997 0.7882268491591442 -0.5414909277408501
-0.3625456706548912 -0.7445460416905055 0.5605460092556144
0.8717587079667597 -0.2593184366818729 -0.415681011691652
-0.7996299865098558 -0.3259438144900362 -0.5043337332262563
0.148936116851263 -0.8542110275354571 0.4981380868133711
0.07887117343329425 -0.6182956809143426 0.7819781256300746
0.4862978126405182 0.3989286789817513 0.7774125973425711
-0.3623680322298197 -0.1126409029973903 0.9252034566460617
0.2147772521316346 0.5977638914548662 -0.7723658861184375
-0.9203501706480349 -0.3856229319041703 0.06519599510525692
-0.2887218495875079 -0.6807116257917327 0.6732543175373958
0.2458016576446606 -0.3021778610139929 -0.9210157899906738
0.6548663402892944 -0.0150347332496275 -0.7555951516203758
0.8051927079116972 0.06171153129260187 -0.5897935147416853
0.2872992475339814 0.872604903641342 -0.3949934486893326
0.7414070575233251 0.08266050998127025 -0.6659450541480441
-0.8396406867423372 -0.2502490138011412 0.482056996898098
0.0172903879455984 -0.9830840002417889 0.18233729995065
-0.2975585014117492 0.1303620745003771 -0.945761422225263
0.2828825833386011 0.8018198912660209 0.526367082950507
-0.03416486381514497 -0.2152372147139354 -0.9759639867754751
0.5114002543708163 0.2564848460656218 0.8201739471405799
0.480575663949849 0.8767933179982611 -0.01674839493092637
-0.2909637330786649 0.9232277733624514 0.2509792511845104
0.9879491561626675 -0.1358816556058718 0.0741123505718202
0.652583184046364 0.05303851470438734 0.7558585210592403
0.7023209692267908 -0.6111286187277892 -0.365057622240936
-0.3594502957094743 -0.8736181198798286 -0.3280043681599455
0.8577762892419433 0.3520460516205545 0.3745442766252074
-0.07523971759674129 -0.1039960490247398 0.9917276877667611
-0.3042636846860508 -0.1739422259787658 0.9365723208609251
0.545476466144542 0.5271005706553253 -0.6516290457747358
0.2354363601025756 -0.7355946519248495 -0.6351930638799591
0.9553492026534181 0.2110351983080692 -0.2068140373972533
-0.9418293256069568 0.1519260809995187 0.2997932409826361
0.1899546762535184 -0.9072518298496258 -0.3752483686892278
0.8526699773077502 -0.1414211450229552 -0.5029452947770733
0.86527268031211 0.3569620027151496 -0.3519677788137528
0.8122795720282042 0.5665943208669258 -0.1384657807078149
0.7332260604027345 -0.6672914031594958 0.1307735738431774
0.8833582411311599 0.4604836861030267 0.08736699982620841
0.488646006694924 0.6950873889035458 0.5273315863177126
0.7279971490259153 -0.6273066824891034 0.2765980424996796
-0.4881588373997762 -0.8186126676414823 0.3026123755654997
0.295625947774277 -0.6114770910254701 0.7339625781697521
0.4446505058717394 -0.8916114310445122 -0.08552767773512499
0.7647875470385315 0.2209757407486851 -0.605202222315282
0.2255392221963586 -0.6581845989464822 0.7182792583394846
0.5597866614823233 -0.3186740098128638 0.7649089939961915
-0.5550584008762234 -0.7685396006285981 0.3182091354476878
0.06272108629344193 0.0764162761484483 0.9951013104572694
-0.3783201903608548 0.924667731898749 0.04316733893292515
0.1764405898994402 0.3737923143578267 0.9105756552659188
0.2820150183458641 0.9587136773608328 0.03654605681398464
-0.2855077383195762 -0.6171380430120397 0.7332298188337067
0.1515701042840244 -0.7578948365811428 0.6345249563027234
0.7027350075055631 0.7005498898468016 -0.1240699845320799
0.0761815542938872 -0.7924962974113734 0.6050999829570579
-0.7582930829083394 0.5686563282480473 0.3187813996405931
-0.2393827166638043 0.8445851210617715 0.4789278528585799
0.738007800247954 0.6692075918568421 0.08663536099274116
0.8315088811122427 0.2448675953304414 0.4986309671375751
-0.2047195533074888 0.2839591212412467 -0.9367268128742133
-0.5078110871989798 0.8519517487310209 0.1276954092829707
-0.4365042806114834 0.860575832188325 -0.2624371354462309
0.2207633902405229 0.9130607178468274 0.3429047259145711
0.5547578332711578 0.7632912211106605 0.3311046031085756
0.2843036584606558 0.02042759444430662 0.9585166368775797
0.4832756239725408 -0.5656920595495847 -0.6681595356174307
0.7188681934130533 0.6949783358731745 0.01528506349369588
-0.6205139076750822 0.7138840096427693 -0.324549088980638
0.5111658720685764 -0.858381523545736 -0.0434811599163701
0.02773891378281036 0.3236728182300057 -0.9457623694148523
-0.7941068083253899 0.4968532912223662 0.3500445456977798
0.8652427098744658 -0.4990470358212541 0.0480323749892799
-0.5608699601480187 -0.1847408468464695 -0.8070289383349332
-0.8786105450535955 0.175281008445518 -0.4442072469005277
-0.218110156505087 -0.8688233916133222 0.4444928276303796
-0.2707294650594108 -0.9340559426055161 0.2329056736792094
-0.2370121654204189 0.9626861851113943 -0.1306160114166497
0.1340422315942711 0.99074148112601 -0.02154060643222137
-0.681494039293699 0.5822216953424472 0.4433776853651128
0.910726055715704 -0.3154130563305049 -0.2666320598442097
0.5052104693410745 -0.6355629818916319 0.5837996897200175
0.7743920822896474 0.4084967298258534 -0.4831638693121494
-0.4318803014585724 -0.7453151876623122 0.5079219194442638
-0.5336204536036413 -0.3300315957059117 -0.7786708915399714
-0.9021107791510863 -0.3755596064691193 0.2124879387828413
0.3191412034010188 -0.488950545648415 -0.8118351163887079
0.5161441924850184 -0.495976785369609 -0.6982851859651736
-0.7624633103898314 -0.4036975924916611 -0.505646075952159
0.460622084628681 0.297321368233359 -0.8363177022783695
-0.3700613125411926 0.6842029064744874 -0.6284274084825977
0.8850823274529345 0.4608547301996148 -0.06513210639259835
0.1253324468114175 0.4233398449735725 -0.8972598026402471
-0.1716575924189056 0.0621124446625151 -0.9831966818409178
-0.4949202850321323 -0.7821085629889648 0.3786292476328917
0.4423524064954533 -0.5189033897144858 -0.7314804307775417
0.7308082812050748 0.485275538888834 -0.4800280278048732
0.6705192712079063 -0.4360003926929139 0.6002562490390611
-0.4927632720962977 0.1898376012773671 -0.8492031811140401
0.5331715734896725 0.8305548490079271 -0.1609556336757622
-0.8924886087032879 -0.1367125502189343 -0.4298531865038398
0.916096599495991 -0.1525728053963123 0.3707944975931832
0.6180349674381485 0.6642642551072682 0.4204590091917559
0.4983239564760613 0.7404395533059388 -0.4510238378424654
-0.2179028748404015 -0.8799344064264798 -0.4221774242225266
-0.7156943422613459 0.4023641721869485 0.5708631021492029
-0.139836355648271 -0.9883765532816544 -0.0596454739446962
0.3597866577606661 0.8339100323555965 -0.4185064143284994
0.3388690036463265 0.6494096166911024 0.6807605659237773
-0.66436881944705 0.09419155304601305 -0.7414459003064979
-0.5551817978954009 0.7939821856328132 -0.2477205283850561
-0.971977971416358 -0.2261171507861507 0.06426396503247279
-0.8468819584627535 -0.3008163485917116 -0.4385207781282903
0.5892961459839527 -0.04332599603398309 -0.806754553997759
0.866834398550607 -0.4213158155377286 0.2666291601966784
-0.4110432940862767 -0.5099569785343475 0.7556370097016304
-0.7489891017769745 0.007207649305980824 -0.6625431119638956
-0.8827866541844166 -0.2226680348809367 0.413650419359325
-0.4259784230486983 -0.8284171747982219 0.3636858089014152
-0.2211475381102614 -0.9399877103132067 -0.2598400870687692
0.8199018615548319 0.5230071952365346 0.2328613560678001
-0.7671906190984495 0.06747097235832296 0.6378606602200516
-0.7736972981600956 0.3591487922976642 0.5219239751255897
-0.6452629058011707 -0.2560775890588129 -0.7197638854366446
-0.5330063898559698 -0.4640610855664575 0.7074966411479189
0.001347717171355617 -0.7699083445262428 0.6381530574143529
-0.2322625298646613 0.9486976865880699 -0.2145386135018865
-0.3627476659237625 0.8585955370801809 -0.3622538261673138
-0.5629865828235776 -0.6854735523637663 0.4617056601022237
-0.05346898182268318 -0.9886455406238305 0.140431702216628
0.4878111988946751 0.8612310843415076 0.1425526344789562
-0.4179670691132725 0.1944714596546274 -0.8874031668394359
0.8630696176956312 -0.3121681672610778 0.3970665817713406
-0.2329513402584257 0.9645540648686401 0.1239722913282904
0.8729213856406877 0.2158744049056987 0.437500280911627
0.7863474718845176 -0.6141613219178873 -0.06680961099199187
0.8552315139981529 0.49248402267567 0.1613646332800884
0.9493657688617768 0.3073626526767984 -0.0650602540186342
0.6415862550168594 -0.649031124265896 -0.4088100746160598
0.6631107414663071 0.4477276680605983 -0.599853381923469
0.9641595552266928 0.04002218781505106 0.2622872024090441
0.4581252483807302 -0.7676144216965595 -0.4482068232407345
-0.6696491119405513 0.721424377786308 -0.1763999263403175
-0.2595984088032925 -0.1676286255601762 -0.9510569436367126
0.2213026307738779 -0.8620646627793345 0.4559272560395057
0.8221770803117981 -0.5659428888940211 0.06110233318177648
0.818856326819881 -0.3317721623553461 0.4684031899049261
-0.612426702055344 -0.5207603048180769 0.5947623386995839
0.2574278699292759 -0.3335792189307284 0.9068934868446464
0.7339245817401081 0.2939116936004227 -0.6123484503797969
0.1332108509466554 -0.3957432645168593 -0.9086485226860863
0.212634172205631 0.8414327952248845 0.4967671083419914
-0.5264582681040868 0.2581242738577036 -0.8100700902948329
0.01837265566364377 -0.9997578882836254 0.01210827562170746
-0.8636717230889096 -0.1687967165072456 0.4749513903895919
0.5506452191171943 -0.6478325896812481 -0.5264055265764834
-0.8147056549644802 0.5441518434504528 -0.2003833002981326
-0.8956185389488173 -0.2756048312544269 0.3491552801840536
-0.3778812710317361 0.1227546898654942 -0.917680244485772
-0.6793186647109978 -0.6507605031911063 0.3391709292697786
0.5107692185685454 -0.8587169636136017 0.04147266286499798
-0.4336359075824546 0.829249859951311 -0.3525685315309238
-0.6339323374531961 0.1708561698353002 -0.7542797629264213
-0.7294412700071216 -0.6264621290642691 0.2747009910041475
0.4236067398190979 0.7506808875998402 0.5069867207059284
0.529114303265801 -0.7421786564861337 -0.4113500892621559
-0.5744245985031421 -0.1750741332258877 0.799615800562813
0.1093058086416304 -0.0422138292144022 -0.9931113899358202
-0.6226267481586596 -0.7820235538118933 0.02784050575672482
0.6448020626067974 0.2650426288957063 -0.7169258712907999
0.9414353201194902 0.09782748497789569 0.3226907516716474
0.6697540432374003 0.5522311217823365 0.4964577622539273
0.005767249531597528 -0.9382256419250404 0.3459759871250984
0.7212468116897324 0.4304167372268975 -0.5427195122181877
0.05817915373709915 0.8178596454383444 0.5724690266153275
0.2189299330582241 0.96004978702596 0.1742816422992692
-0.6115825664451171 0.7357589655699741 0.290904639020772
0.2534678521573484 -0.2077159030018128 0.9447794195275859
-0.7713963347995006 0.5907529985954081 0.2365556790872514
0.4141209558211446 0.3951599543763434 0.8199710021745086
0.4258950211194029 0.8612098980291739 0.2773642776607746
-0.09223468149807566 0.9861810299024175 -0.1376217271710969
-0.4081558420370479 -0.8884248351586554 0.21002409596126
-0.8319156517338628 0.05613261693070857 -0.5520556835290554
0.7382615585037292 -0.673701192614641 -0.03311456334085246
0.453574886931001 -0.2654483070335152 0.8507684868626544
-0.1370133715002824 0.1833520195400544 0.9734522961916056
-0.08966336217908492 0.06384126942404643 -0.993923927572462
-0.9274734586344228 -0.2930684081757052 -0.2321721164525575
-0.1274397760066556 -0.9868806998148164 0.09912410314545887
-0.4391924019521006 0.882341962904328 0.1690641729216519
0.3346545652580149 0.4163858824114485 -0.8453573912141589
-0.1898386972897472 0.01913549630032817 0.9816288004091323
0.1494056813931928 0.9629126424708728 0.2246712828494039
0.2267847927909323 -0.8032651099476217 -0.5507574973612335
-0.7818630216094488 -0.5566456843572705 0.2807771314159486
-0.3005114241526973 0.9199757413412654 -0.2516694643720347
0.7950813462185552 -0.2785853575949917 -0.5387354187622718
0.7347439655628873 0.5834720260424247 -0.3459937859194454
0.3559433752116159 0.9206407318455814 0.160390013747101
0.9791425178727877 -0.1279230133678549 -0.1578468635881797
-0.3625907194850999 -0.7919696847512311 0.491235166267963
-0.2857755504860665 0.5586321971526063 0.778628539837089
0.6290689089658701 -0.7672720048900447 -0.1247636897679019
-0.8540118115574159 0.4713540668167371 0.2202025645076455
0.851254407168449 -0.3413266027570711 -0.3985750676178943
0.8937866056473079 -0.4396767235742695 -0.08848662222313192
0.8208825373927888 0.4307383425427916 0.3749884532449838
-0.4175472480361342 0.8463843680502475 0.3305870493192896
0.9410874490451403 0.01261066722618775 0.3379280756637734
-0.2574935848906378 0.8764267917699659 0.4069067858957048
-0.4758591423143162 0.2369566679082294 0.8470003625794458
0.2907809179726669 0.9101334017149495 0.2951332729899283
-0.1643790658883365 0.787670329539939 0.5937633995625884
-0.6597470357744765 -0.5009412300809917 -0.5601711638345327
0.6730589465721687 -0.6971498651950992 -0.2469285724609805
0.3549460515357651 -0.888613982714921 -0.2904797587142628
-0.698941217655673 -0.2158187656395729 -0.6818382760301862
0.5963492812570257 -0.7115889441513282 -0.3714952345667801
-0.8108319621266536 0.1950011805708287 0.5518388068719199
-0.8978650032786453 -0.372537222026106 -0.2346368557846577
0.6780949888454916 -0.3647189822508043 -0.6380965836678412
0.618074414479604 -0.61767370235912 -0.4862748354374016
0.56637880688704 -0.5735523087862658 0.5918215915249772
0.07085904183383228 -0.215305530546613 0.9739725482304071
0.1993046444594116 -0.6872492740825029 -0.6985456992709786
0.5501756753311342 0.6343559650931407 0.5430462556952959
-0.4234469316944581 -0.884772734922365 -0.1946019105161804
0.1869804676481986 -0.4513715756462247 -0.8725262204751818
0.3095076329003491 -0.9508968794125332 0.0003871691219617756
-0.4543504668317855 0.118990077199592 -0.8828403110516498
0.08803867611231336 0.560073511144534 0.8237516941546311
0.9030461042894236 0.1379540295952503 -0.4067879290811469
-0.7508162166384211 0.2884260341411527 -0.594209922218044
-0.2062631581853748 0.4484632499239152 -0.8696759298974965
-0.3262083523008177 0.7093030876819795 0.6248817813746821
0.3447330480913665 0.9009559608188844 -0.2635099281214211
0.9022885958000918 -0.3456982188434517 0.2576199359086244
-0.3492972945040229 0.4159609711594355 0.8396236481449706
0.2720069351956744 0.7020171983713397 0.6581672130973338
0.1441363976113978 0.8979511364603596 -0.4158226249414019
-0.1577360531980997 0.7383041859078645 0.6557638802133066
-0.3355783095995797 0.3396673072185463 -0.878642884528857
-0.4300959339301155 -0.695788720098699 0.5752352080672707
-0.6265165121997121 0.6688034408935656 -0.4002237091802972
0.9488298022255951 0.15904757288105 -0.2728110627690624
-0.9752566020290339 -0.1765472000498202 0.1330625655597835
0.8583678196481612 -0.1158141847531373 0.4997917174207953
-0.2081365951455079 -0.9780996326321608 0.0005161453934082424
-0.07546622517485105 0.882989264849211 -0.4632869596901134
0.3664644237797742 -0.6262098292137257 0.6881606468695189
0.6679330086733672 -0.6954807464266679 0.2649000326054122
0.7187422476828752 0.0005081457670783869 -0.6952764365226598
-0.5826616271108565 -0.2534773848196107 0.7721752674604001
0.07708401284749844 -0.7391712109922852 0.6690919038544147
-0.1080092289863576 0.2614668145796525 0.9591502026936878
-0.07238206671249797 -0.6816769676014341 0.728064109993166
0.07356953074514844 0.8426281246844769 -0.5334466867800947
-0.9941248956541356 -0.1062399740370863 -0.02070651485047743
0.4402967922465912 0.02952874432394428 0.8973665850676708
-0.9988920665548623 -0.02574448056353346 -0.03939366820024027
0.5981475144145331 -0.104387240193277 0.7945582767075976
0.7597480719502251 0.3519258505594079 -0.5467458851019851
-0.3089966765928482 0.9472520779790383 -0.08505618507180222
-0.01541857132264736 0.7966744456999526 0.6042119621681133
-0.1198680448670442 -0.01141587449645603 -0.9927241961538127
0.737653547497249 -0.5338330697571967 0.4133878294027681
0.2020489634880207 0.7480871969571415 0.6320931593540811
-0.8674259089462539 -0.4974450717333277 -0.01098604100619218
0.880402255143419 0.06418025696724321 0.4698646227946951
0.225625840740449 -0.7179436132025906 0.6585210309866912
0.02427824985294621 -0.06136401143091214 -0.9978201364400223
0.3440447733903529 0.02781501611493738 -0.9385411652033738
-0.9469384549216165 -0.3094014150400597 -0.08705358672605254
-0.7778479469705954 -0.5513452773109545 -0.3016139197393524
-0.09068699001593948 -0.1893081037152569 0.9777209784542739
0.8294604327075508 -0.4428076145772408 0.340465573949873
-0.8190864087375167 0.5421408922964047 0.1875652097845867
-0.2814083861355904 0.6750122764576081 0.6820320717122329
0.3618226829454201 -0.7499279882701367 -0.5537981207220587
0.2913656296757886 0.7375009910875363 -0.6092605009259447
-0.9289674168309769 0.3231200284336221 -0.1805906578188286
0.6754883148816062 0.1339575546364947 0.7251006206135936
-0.5296678331621928 -0.3141042722270918 0.7879025908587663
0.3948112992736255 0.9091437797863499 -0.1325957225617047
-0.06140872432171078 -0.4726856622953046 0.879088865381441
-0.0009111772453735424 -0.972588966645701 -0.2325292921656861
-0.0785312850119403 0.3375385587261469 0.9380301480482646
0.5191911114181672 -0.6090557069432481 -0.5995762967831774
-0.379370516154165 0.9243169637398694 -0.0414265858553615
0.01802207207653546 -0.4838757030752529 -0.8749511465741947
0.7466452175256959 0.3472294807359115 0.5674086771048497
0.7686935739142939 -0.3488538720382023 0.5361074196341846
0.523830290474992 -0.293524699687839 -0.7996530981957424
0.6875909034048285 -0.4774741160803655 -0.547025792836321
0.9791695733767509 -0.01855024250368991 0.2021950421653458
-0.2002490240336257 -0.4494542621798808 0.8705694656843413
-0.9168173548635127 -0.07400568293112807 -0.3923889610003944
-0.2650417916779176 -0.6435472267159252 -0.718052794472942
0.9471490111167306 -0.3181171885991901 -0.04135462559795118
0.1527017326231611 0.1278064668836516 -0.9799733097776708
0.2290868570177207 0.1511124904984469 -0.9616050265868514
-0.5409637513279215 -0.01477150246316978 0.8409161804033761
-0.3682015473646911 0.823616286479105 -0.4313743538559243
-0.358426716622358 -0.839931884364073 -0.4074858506008934
-0.8683510909601599 -0.4068005248627384 0.283689470724066
-0.4177575332321962 -0.05125578384489921 0.9071116182974371
-0.02045837912056189 0.9950717489384929 -0.09702406499548573
-0.2152656118918111 -0.9726755055120703 -0.08696595491157956
-0.2253463567634729 0.9278472186613883 -0.2971843843740039
-0.8341513910765228 0.1953597106308759 -0.515777122628876
0.2726539348683885 0.4728362731372727 -0.8379055379972369
-0.3598129946450263 -0.6915357592856444 0.6263488664584663
0.2029657323086769 0.9745724338245229 -0.09493936347874216
-0.7575371518547114 0.1479067148076369 -0.6358152776354656
0.6148164069102295 0.6189562927219129 0.4887677295955011
0.6692240010898355 0.7411942455445213 0.05263389342429444
0.8894099719488675 -0.002891565582901262 -0.4571012367587671
-0.4981630976597362 0.8408218452168676 -0.2117832683102187
-0.1331544308380904 -0.04235116708742139 0.9901900202458707
-0.6270404723671718 -0.1146861675023393 0.7704981044734501
0.5526027042682929 0.833436219236831 -0.003784137892134351
-0.7736999442226551 0.4683630412372981 0.4266432443070085
-0.4387774643827315 0.7879962506892485 -0.4318984205221733
-0.0007616584116963606 -0.9190651371263248 -0.3941049271392503
-0.7827414472700837 0.06878377818719796 -0.6185342501299578
-0.07151091228514567 -0.6174655255973103 0.7833406118177351
0.9581945205143247 -0.1806110385622257 -0.2219074437818563
0.8041722736272261 -0.2729674421430798 0.5280111077042625
-0.7789924703052149 0.564194260033006 -0.273597456409207
-0.5456371702176585 -0.8025086050630701 0.2413711193920917
-0.8880227392414614 -0.2677244228907548 -0.3738171317340925
-0.3126337472913867 -0.3167651776485876 -0.8954998393544269
-0.3258026542968955 0.2820789322271524 0.9023769203867568
0.4900635412282122 -0.8212696553191963 -0.2921538615366107
0.440801941223588 -0.8811644873641187 0.1710052479365656
0.01512315342761547 0.1658565482345296 -0.9860339221538639
0.7179534038094115 -0.6354825995659864 -0.284085859569491
-0.6202995258198392 -0.5747355000911905 0.5337673680571077
0.5583906385647016 -0.7905099006209906 -0.2515829719664997
-0.03763330182133858 -0.6347627968588279 -0.7717900791782585
0.7475684307101593 -0.4368439591053158 -0.5003087015021255
-0.1569196245374636 0.9526356424328168 -0.260502522447741
-0.981093501316082 -0.06588789656759776 -0.1819734232278128
0.2984477304642275 -0.3599764543836707 -0.8839377265792614
0.9464651920478394 -0.1274731455933453 0.2965707965973461
0.7859515728970311 -0.6073971444583238 0.1155371540438706
0.6820809832970133 0.6062370660093342 -0.4089525058255223
-0.08746982536019735 0.9710459814933806 -0.2223032421648721
0.05868137055639298 -0.1399440358306168 0.9884190222699392
0.925084982261608 -0.3643057716911743 -0.1072337647690258
-0.07128924361768786 0.958583100594061 0.2757467733263517
-0.2243004624060708 0.5221121484030161 -0.8228536972356688
-0.683921515198502 0.6038811635401654 -0.4093640206099718
0.5507090690777664 0.7955809463005538 0.2525281749013671
0.5584567439367487 -0.5138956775899373 0.651181462962471
-0.9008206718192034 0.2904281675785723 -0.3227593479671066
0.4203087170769467 -0.5089086206568888 0.7512340501935694
0.4633357580996642 0.3740198424508886 -0.8033860421486186
-0.9720909046232237 0.2166290820750256 -0.09006172299114971
0.8272878048095618 -0.3885123392981072 0.4057746298457915
-0.9271228390645877 0.2103941229320748 -0.3101250623868728
-0.8424217916057214 0.4476795234833575 0.2998475767477876
0.4304699391871193 0.78957486331103 -0.4373410187526502
-0.01225532350700347 0.9974401048084405 0.07044887767357376
-0.9869112836192112 0.08055605951513385 -0.1397026826531084
0.5076297165047444 0.4654984945253332 0.7249987741479024
-0.09351565680874002 0.9942488888140045 -0.05219165664881113
0.4784916256288836 0.8494043982978787 -0.2226161098286624
-0.2994522580472543 0.1410163587221697 0.943632731375476
-0.2373170804562167 0.9706279698526565 0.0395214810381438
-0.3899868138130125 -0.3223523633622998 -0.862553904916507
-0.07050788414459136 -0.899497969242149 -0.4311983784787497
-0.4757416172608357 0.7973280874118109 0.371399831220032
0.4999481752396141 -0.3717991771904976 -0.7821874416756185
0.1328192985818231 0.9754784466519714 -0.1755016639285504
0.894078468720826 -0.2885582337317698 -0.3425753019635603
-0.09115455792573232 0.6513541169959738 0.7532786077154718
-0.9202955887183739 -0.2478816813545796 -0.3026725977592422
0.06931465478904876 -0.5380648486635186 -0.8400486279163724
0.452021238270164 -0.3175902307727781 -0.8335545845776395
-0.7053438974668863 -0.3721233136188495 0.6033359145348054
0.4999206562663138 -0.7800275758852937 0.3763460087429794
-0.8259493797871229 0.3110242522763291 0.4701824502522586
-0.5613593053526619 0.7636601717595278 -0.3189026063897651
0.8283000582951765 0.4834144916960105 -0.2832480231996248
0.6905344109397888 0.7112448210102864 0.1315029729477037
0.9591680940763198 -0.04514185262932671 0.279210996286308
-0.4363335141801867 0.7322087158481567 0.5229564617051425
0.349462038704465 0.9368803819158007 -0.01146444441839909
0.825441108984374 -0.49445235268708 0.2723303995532972
-0.6850038076366511 0.5516233358842795 -0.4759007027008779
-0.5449905660794243 0.4229338042226271 0.7239559932276306
0.3623221247189454 0.4599839994799972 0.8106401163041064
0.6365108140246678 -0.3194691777022647 -0.7019924701361787
-0.5689645150745926 0.6798781879017203 -0.4626500083231461
0.4484112156243945 0.2175498227084918 -0.8669483585207118
0.3632945214426163 0.02447304791065695 0.9313528657902671
-0.2302247388806429 -0.5114756607810058 -0.8278823696854363
0.6818098276673146 -0.7129603175143454 -0.1637771185059461
-0.7301735559896994 0.1269331689092238 0.671367670329768
-0.7959665448901925 -0.6019754996921972 0.06373976142015991
0.1628331892042016 -0.9707130562676969 0.1766395054482889
0.644986718681321 0.4464400687967652 0.6202285044219125
0.576633177057101 -0.6819406867220176 -0.4499456399501359
0.3783134535341833 -0.2683039426382693 0.8859412651185177
0.3394988524587113 -0.1969587883648833 0.9197541871962613
-0.2429628706155291 -0.2342339170620008 0.9413307153174455
-0.1650009026917229 0.102901701625194 0.9809107716370314
0.1022271881926691 -0.4680812132761267 -0.877752573207376
0.8386393869423944 0.1139991436784757 -0.5326238578109879
0.9160714138458353 0.05141579651888526 -0.3977053942339995
-0.8990157161911196 0.09307494908912123 -0.4279109672506954
0.7193445917066479 0.4808220375773962 0.5013516994708576
0.731121665416258 0.1417217249253271 0.667365014848057
0.7728975867547104 -0.1601779881322584 -0.6139807264944454
0.7802988522345001 -0.4070385702858376 0.4748192324466048
-0.3768722335573513 0.3397278968303506 0.8617147298780032
-0.7821516033300684 0.6046565741612228 0.1504303717067042
-0.005086293948875272 -0.1389499465189787 -0.9902863434261016
0.5044074407486715 -0.7369725204496737 0.4499384822611095
-0.4076794968828756 0.5872705983742336 0.6992214757188848
0.3715591093749293 -0.7364318413662616 0.5653423487254486
-0.1491415904220174 0.9583471955380324 0.2435722455674695
-0.5990038872637476 0.2458845390175681 -0.7620597985165192
0.623640119781474 0.6710160581851259 -0.4010117836880164
0.5264872300169825 0.5259828128679123 0.6679470616722584
0.4797298486168992 -0.6726801740313998 -0.5633477219365434
-0.1472948865195776 -0.7622396503956533 0.6303133599804919
-0.4260256749836977 -0.8306251023736275 -0.3585583126375481
0.01319945512893106 0.2436350440986349 -0.9697771598008255
-0.6690523733914879 -0.3140668221339409 -0.673595541028817
-0.490936054830044 0.5166523033938502 -0.7014643166018791
-0.9618124861698287 -0.07274257885490064 0.2638659861925213
-0.9315696468699444 0.2670997017820883 -0.2466490266320275
0.9297070137549872 -0.2344692094766751 -0.2840229891789872
-0.3960230331278832 -0.3569908039624295 0.8460043280731192
-0.6925510202687327 0.3003060848752879 -0.6558882067178932
0.9543410872744761 -0.1854318440182515 0.2341967556644666
-0.7567613646949721 -0.6351759394542287 -0.1544790045392631
0.146624591930553 0.5027919842722208 0.8518811240970197
-0.9357199053115715 -0.1057634749509556 0.3365150014041017
-0.7704142508319374 0.6070326032812859 -0.1948673925227347
-0.4399504169103928 -0.2526432723535597 -0.8617511285718498
-0.8127529889102172 -0.3803322255730177 -0.4413388462487562
0.7299845203973226 -0.6534047035041674 -0.2004617006286289
0.00578401146822746 0.9497155809970901 0.3130604740664256
0.6884661183808511 0.1411891326866798 -0.711393022634315
0.9213421144909769 -0.0352916195601169 -0.3871475295725385
-0.2894464844415534 -0.9337344893843477 -0.2106196476556197
-0.8516986072061834 0.2545716525007418 -0.4580423083363465
0.585731048588561 0.4004448539030558 -0.7046723051900828
-0.225414144734944 0.7715646956592497 -0.5948750992987212
-0.8966612814084741 0.3999377387201418 -0.1898640344307813
-0.004499286141281375 0.5175590589985827 -0.8556356566160158
-0.8575810206350724 -0.4950069430892174 0.1397244407395363
-0.06725686091547178 -0.9919214276389268 -0.1075564784220381
0.3743136154434007 -0.9185544382858876 -0.1270710871873991
0.4251508524736625 0.6408607955963332 -0.6391746187925119
-0.05307463063529194 -0.01833207546008566 0.9984222646717436
-0.919351386581056 0.1214248704885701 0.3742312504566177
-0.784602905678189 -0.5112738419912204 0.3507097644732459
-0.7131454752832855 0.3629812317907057 -0.5997233999525773
0.1506319633696728 -0.5016744669664788 0.8518407954572832
0.1676423820765968 -0.639795884337494 -0.7500381711063034
-0.7849331527306982 0.5152012616841383 -0.3441621793621704
-0.7377132350791581 -0.1623298592156281 0.6553077136705148
-0.07744364290319058 0.9193760038336253 -0.3856815341039769
0.9993064965782523 -0.0258689589103973 -0.02678288373927613
0.7822295564742731 0.4618063221268707 -0.4181528928773721
-0.00280384180017745 0.6531808576807998 -0.7571967416930254
0.09175034873711579 0.1523228449105964 0.9840628152841464
0.2381840910866735 -0.5061471781794258 -0.82890492384484
0.3464137284811997 0.7052681232784018 0.6185421594419532
0.7365532303716393 -0.6661677634902827 -0.1170890674463576
0.2670837133998031 0.9535739593034187 -0.1391509761912363
0.3910495338014634 0.1011513786342075 0.9147943270014618
-0.4666965419903 -0.1056553474128692 -0.878083871425368
-0.2036205293762297 -0.4440804283809991 -0.8725429806866207
0.9450363168227979 0.01897072963174124 -0.3264145696859131
0.2922567049749081 -0.8638494326157431 0.4103049794563411
0.4465707341494642 -0.8947479249867741 -0.0008544782446650323
0.07206324044792686 0.8849616563029767 -0.460054079701111
-0.5006525377503865 0.8395797364122264 0.210838570119592
0.2040792906042402 -0.5743990514667134 -0.7927278050003104
-0.9939490350538686 -0.005528524653459665 0.1097030133161326
0.607427802163013 0.769557547316404 0.1970092549292354
-0.674126500359609 -0.5046926387327013 0.5392947263991457
-0.6796912531146293 -0.06245640880748369 0.7308344528265875
0.2989193686609059 -0.7297006481974569 0.6149668080958327
-0.1666266788766903 -0.2119555554532696 0.9629695698198466
-0.7403456278940053 0.5418373584917505 0.3978701147371003
0.7587907034840393 -0.2439642040912555 -0.6039189808478593
0.6875515850876114 -0.7261024720275693 0.006929499185803007
-0.6657655403220909 0.236421316669423 -0.7077154840357324
0.2807954297593845 0.906168041023501 -0.3162489653008739
-0.04894083954665212 -0.7069330266393976 -0.705585211063079
0.3581668181274721 0.9007811270653198 0.2455807230125661
0.4936424590400363 -0.8163938071418281 0.2996969707777803
-0.4501408201890069 0.09404656974418552 0.8879912638753381
0.01954920104950361 -0.6793814725794467 -0.7335248076610013
0.2063725823108553 0.7978196911633622 0.5664751518489993
0.6834295213394272 -0.7242115830665959 0.09187857374783547
0.4729481767018091 -0.4469762482608407 -0.7592972116668794
0.9821531462178805 -0.1879155842803722 0.007932878348049175
-0.6751091499863213 -0.5999297519045241 -0.4293156512224112
-0.7356886186542425 0.4800960127744447 -0.4777761765729774
0.04854720949542118 -0.4115475604457108 -0.910094376392576
-0.9316080159544732 0.06806507281853591 -0.3570345228007757
0.3898032873229735 0.278296616983266 -0.8778407544468831
-0.6289442558076942 0.310193060499827 -0.712888061552623
-0.6458562454387696 -0.3863838375536151 0.6584658231868057
-0.6560282376145854 0.2402100881625467 0.715490087280909
-0.9191298299011763 -0.1916497290427726 0.3441957831578803
0.8844462434155748 -0.1744767741990814 -0.4327963698705901
0.8806457153979989 0.08324367787976429 -0.4664049893002827
0.6904253580298324 -0.01630292523641622 0.7232199109663074
-0.5080339285827644 0.7096391215574557 0.4881739900526507
-0.7695811458082276 -0.01228003772739832 0.6384309365075514
0.967597207452132 -0.0134640905170224 -0.2521395692813514
-0.6654486653547369 -0.7177941521885911 -0.2048160854558581
-0.08946222458697578 0.86690321369468 0.4903828386656549
0.6788103894874633 -0.651492032124537 0.3387839830956001
-0.77394003416505 -0.6331408671537346 -0.01222562294602471
-0.3080382562169515 -0.5213773304941802 -0.7957877304618249
0.5529897692430048 0.8165908334590593 0.1654742451960654
0.1463791988146015 0.7053143836497381 -0.6936171497095394
0.6078080526991161 0.7927034571674283 0.04680384673203444
-0.8097317423256477 -0.5647284403128114 -0.1594248856738819
0.3681416455936008 -0.8836553400326181 0.289179820892596
0.005799153015213276 -0.9883734027724195 -0.151935468263256
-0.410484088917777 0.3405725998152774 -0.8458800842911515
-0.9812938426192885 -0.03917704425655889 0.1884875424021195
0.1771391172795751 0.1618948048251517 0.97077896830331
-0.1382995198557699 0.935082330147846 0.3263346114848045
0.355076339805088 0.6322883186568962 -0.6885726359656308
0.2113521281637075 0.06602125705847051 -0.9751776615248584
0.01687933949072628 -0.8867554530077466 -0.4619305732027088
-0.1406337946978934 -0.9309571728139874 0.3369582736409042
0.7274540097231134 -0.2250025199322288 0.648216422008816
0.2778693547431833 0.7548361188064021 0.5941473347915432
0.06619676566532211 0.9506503303974179 -0.303120335066341
-0.6291867416750568 0.619002625967515 -0.4700636054255277
0.1466805602754498 0.8586495581115231 -0.4911270198147993
-0.07879129867092952 0.5517382190769747 -0.8302872207034843
0.6230205690078371 -0.5125467765031206 -0.5908816907718593
-0.9121050472165908 -0.1810279801228719 -0.3678223120674624
0.8945628456376937 0.3258548508134123 0.3059018329561963
-0.1115550069281635 -0.3453456395102327 0.9318218014730746
-0.7185030194184249 -0.6612411691095968 -0.215669950065326
0.9968552297628103 -0.05528347884472566 0.05677488759442523
-0.5052956696859329 -0.1566051330426685 0.8486171801827563
-0.4359987109226747 -0.4650495975765906 -0.7704764732732708
-0.7855559826568304 0.4626720421076053 -0.4108970425350371
-0.5861642937090755 0.4702906259246765 0.6597258127039723
0.6313001377509989 -0.7741377828549172 0.04659215848233209
-0.527759755306013 0.1134276455630552 -0.8417860832191034
0.112070474814414 0.6180677750781108 0.778095388808381
0.5549245211969137 -0.5413734370377814 -0.6316435525233164
-0.7268927207664084 -0.5309063942292426 -0.4356206756609613
-0.627125259284481 0.0261669026210382 -0.7784787745177089
-0.4645608210286779 -0.8746274080475709 0.1386006517197837
0.7781134365146817 0.5056153600421031 0.3726829585650613
0.154999395536982 -0.5211723238005447 -0.8392583608683982
-0.9100630172336722 0.2055984580690432 0.3598813397540596
0.6861043900011519 -0.7231660182668789 -0.0793200860134157
-0.2274750869423182 0.5914937343709541 -0.7735568802748044
-0.1291977890513215 -0.7864254755853989 -0.6040222699988217
-0.3826364988198568 -0.5281234710697802 -0.7580731554910046
-0.9551415511112049 0.2426600010667939 -0.1697667259010001
0.3428801461596085 0.4931176672654486 -0.7995424764202637
-0.9689823284969269 -0.2312199730779012 -0.08723858727952961
-0.8252135843716245 0.4208652799434606 0.3766894693333599
-0.4193714693239902 -0.9059285906577154 0.05848896772865098
-0.5551869073812137 -0.6821392062794612 -0.4758714123887989
0.5972294371972091 0.7826147056525496 -0.1755882166931431
-0.7804977881091687 -0.2698483874757838 -0.5639193652761133
0.6324248189905143 -0.7736285266423842 -0.03921416950477535
-0.4374029641401289 0.6352371144117284 -0.6365158721000521
0.148883870862668 -0.8939330356781342 0.4227497140391984
0.1523432317710846 -0.7013388053534158 0.6963586861948268
0.6246057991613367 -0.7694093634821072 0.1337042521391391
0.5647371742901952 -0.1817120947279252 0.8050171666519387
0.1247212592751604 0.7341995360733339 0.6673796885690481
0.8603972434377891 -0.4910346092691666 -0.1363876680075246
-0.8727631837500635 0.4870635148592685 0.03245855177589019
-0.6397949760608276 -0.1924637054251762 0.7440565238618208
0.2534239583266935 -0.05633546308458827 0.9657135252988203
0.823635174150891 0.5670145580670447 0.01093575975712304
-0.2735439387255805 0.2230168982338979 0.9356479982817403
-0.02283935321604752 0.2767992857255036 0.9606562961676376
0.3549166824776989 -0.4110084130337443 0.8397060395843937
-0.2874086172222324 -0.8435091494145085 -0.4537494921213872
0.2857399410688217 0.9501954045623772 0.1244241906806179
-0.6967415980560541 0.07184667682851958 0.7137150695949992
-0.8508474452915136 -0.02922407852421216 0.5245994453631415
0.9718922067092819 0.1252743976366404 -0.1993285324145527
0.7904569264308431 0.2757953906186489 -0.5469138414512945
-0.1919409860687707 0.2433298847416704 0.9507624440724156
-0.1476234257569425 -0.9094594864330424 -0.3887039576653819
-0.2028022101239159 -0.01516630376785136 -0.9791022657510687
0.7717407029471822 0.5936140077020228 0.2281199186273134
-0.09421926409371383 -0.268598204698028 0.9586332639266361
0.08153719559018401 -0.9488296734405833 0.3050802132782854
0.04917547356554159 -0.2975363400109868 0.9534431808830935
-0.3319165795775899 -0.9255931225698516 0.1819581151059365
0.9553614812585807 0.2611254214940755 -0.1381953486082372
0.4921194142235069 0.7809290649766375 0.3846664498224752
0.8942656870060692 0.4171117214376687 0.1621933811314993
-0.1173425797029884 -0.6767844433051994 -0.7267692455578451
0.0781732358126304 -0.680822758038425 0.7282645929465026
-0.9214602554895487 0.3398724921967589 0.1881427293336092
0.7168152358954403 -0.5113700305654511 -0.4740006428557395
-0.2086475272645303 -0.9357992031629955 0.2841585133792403
-0.9745051944069397 0.1618338200792331 -0.1554009033193028
-0.2893238527962344 0.4717480160732394 -0.8329138716182517
0.3256207447007538 0.3370453062498664 -0.8833864342152081
-0.7606547364070678 -0.634975667150148 0.1349454486402514
-0.145589232286507 -0.9791702284882432 -0.1415254008455984
0.173422817136593 0.567079277914285 0.8051991176452077
0.566977698384437 -0.8059825687764598 0.1700834746916519
-0.1629708959354165 0.3208156315783404 0.9330154433946946
-0.15974082566065 0.8390034151251003 0.5201501110503316
-0.8106675827083294 -0.3304461551417948 0.4833460550142504
0.4025172762108837 -0.260259648572142 -0.8776358912879968
0.07312078149891955 0.740747443984888 -0.6677923146778815
0.003252924138271817 -0.07859249767874046 0.9969015186031005
-0.3277293369699537 0.6093958165843074 0.7219627555620717
0.5653225593781691 -0.7254612531726035 0.3925765836156714
-0.7277455547589876 0.422920324075816 -0.5399303723741981
-0.4552996889392074 -0.5301117318791695 -0.7153207287475519
0.7682917363227444 0.06876870435569864 0.6363950606340539
0.5211616132870042 -0.0692894609311442 -0.850640666462613
0.5723755809253673 -0.8155978542730371 -0.08477225056329649
-0.03295951845816619 0.0002123735467175305 -0.9994566649137333
0.9291886741382281 0.3422701014625752 -0.1394976182522134
-0.2756849475961979 0.4041769124487523 -0.8721461076633178
0.5137352924298606 0.8541340430203727 -0.08081513389011809
-0.6597859880974889 -0.726838876184544 0.1907555974985
0.7070074640329276 0.4276853253178834 0.5632279363716477
0.4258345155203644 0.7933800800745295 0.4349862226927076
-0.8931245696786076 0.4167764043313423 0.169191996941461
0.1489441531271672 0.08675595142156182 0.9850325091803674
-0.332695854838393 0.05273914916212185 -0.9415583095693046
-0.06307568445386888 -0.2901066627086357 -0.9549133899379221
0.1755761076847813 0.2910013273764258 -0.9404739538527478
-0.1659769674177148 0.9861092591528179 -0.006338398843527692
-0.6594352377063916 0.67593667973186 0.3290209298269399
0.6728077471331219 -0.1579895236002812 -0.7227510261702916
0.8226425608585888 0.384466444411703 -0.4188612779733238
0.6526770094337165 -0.4399400518478895 -0.6168188325081658
-0.2982696790896573 0.5397281362901482 -0.7872285166535294
0.8657781779410249 0.4529167914740561 -0.2128251080158678
-0.9881995902916837 -0.09049464506887338 0.1235811027674019
-0.07350992951721726 -0.9792420907754653 -0.188894727073228
-0.962566191494703 -0.2708437785520042 -0.01048687804142986
0.5984943909481865 0.328492202716044 -0.7306827880539686
-0.05386132924821866 -0.9969702543121872 0.05611835019231839
0.6288508796492527 0.1885777322977338 0.7543109505010553
-0.8487638402124575 -0.02352496772155116 -0.5282485394598854
-0.002143656832464577 0.7139477780105753 -0.7001956690876823
0.4711554310168184 0.5897444506620755 0.6559070381819692
-0.0737201032968707 -0.794478531006366 0.6028011364785784
-0.9693657754777509 0.2386669286394995 0.05803525227141444
0.2174854049863453 0.6639712529278826 -0.7154315298498545
0.7296954704688516 0.577369945408553 0.3663174395468581
0.3773671339144268 0.1964561304198296 -0.9049856546165128
-0.07695996157308724 -0.9325341932261919 -0.3527848392131448
-0.9097460041428721 0.004445560239987397 -0.4151414758130415
-0.2255400493250442 0.9518499633701231 0.2076375047595015
-0.00638667064136466 -0.3511531036321016 -0.9362962716190114
-0.992489171782049 0.0002485611071646312 -0.1223322611282834
-0.9497430052710982 0.2873820620334999 0.1240958273270951
-0.7882717591994289 -0.1367781842097228 0.59993279788067
0.4177686930935743 0.5796482280850549 -0.6996265080374978
0.6266210089904909 0.7697296644793539 0.1219112575287463
-0.7554720033724507 -0.2114730255234753 -0.6201138698629176
0.8965607814318688 0.4202503116266691 -0.1398872430780023
0.8230179306549963 0.5270460431421358 -0.2118111286702985
-0.5531813972300141 -0.8284838112297326 -0.08720617116297603
-0.4185100497307901 -0.8615249779053242 0.2874439957966808
0.4826036439497127 -0.3341659883807655 0.8095843470917438
-0.964018324433232 -0.1208291653483972 -0.2367888995670062
-0.05200912626540207 0.2005297100796075 0.9783061311064641
0.2964965215811449 -0.8244680081502069 0.4820189998611176
