-0.0000000000 -0.2773500981 0.0000000000
0.2773500981 0.0000000000 0.0000000000
-0.0000000000 0.000000000 -0.2773500981
0.2773500981 -0.2773500981 0.0000000000
-0.0000000000 -0.2773500981 -0.2773500981
-0.0000000000 -0.2773500981 0.2773500981
-0.2773500981 -0.2773500981 0.0000000000
0.2773500981 0.0000000000 -0.2773500981
0.2773500981 0.0000000000 0.2773500981
0.2773500981 -0.2773500981 -0.2773500981
0.2773500981 -0.2773500981 0.2773500981
-0.2773500981 -0.2773500981 -0.2773500981
-0.2773500981 -0.2773500981 0.2773500981
-0.0000000000 -0.5547001962 0.0000000000
0.5547001962 0.0000000000 0.0000000000
-0.0000000000 0.0000000000 -0.5547001962
0.2773500981 -0.5547001962 0.0000000000
-0.0000000000 -0.5547001962 -0.2773500981
-0.0000000000 -0.5547001962 0.2773500981
-0.2773500981 -0.5547001962 0.0000000000
0.5547001962 -0.2773500981 0.0000000000
-0.0000000000 -0.2773500981 -0.5547001962
-0.0000000000 -0.2773500981 0.5547001962
-0.5547001962 -0.2773500981 0.0000000000
0.5547001962 0.0000000000 -0.2773500981
0.5547001962 0.0000000000 0.2773500981
0.2773500981 0.0000000000 -0.5547001962
0.2773500981 0.0000000000 0.5547001962
0.2773500981 -0.5547001962 -0.2773500981
0.2773500981 -0.5547001962 0.2773500981
-0.2773500981 -0.5547001962 -0.2773500981
-0.2773500981 -0.5547001962 0.2773500981
0.5547001962 -0.2773500981 -0.2773500981
0.5547001962 -0.2773500981 0.2773500981
0.2773500981 -0.2773500981 -0.5547001962
0.2773500981 -0.2773500981 0.5547001962
-0.2773500981 -0.2773500981 -0.5547001962
-0.2773500981 -0.2773500981 0.5547001962
-0.5547001962 -0.2773500981 -0.2773500981
-0.5547001962 -0.2773500981 0.2773500981
0.5547001962 -0.5547001962 0.0000000000
-0.0000000000 -0.5547001962 -0.5547001962
-0.0000000000 -0.5547001962 0.5547001962
-0.5547001962 -0.5547001962 0.0000000000
0.5547001962 0.0000000000 -0.5547001962
0.5547001962 0.0000000000 0.5547001962
-0.0000000000 -0.8320502943 0.0000000000
0.5547001962 -0.5547001962 -0.2773500981
0.5547001962 -0.5547001962 0.2773500981
0.2773500981 -0.5547001962 -0.5547001962
0.2773500981 -0.5547001962 0.5547001962
-0.2773500981 -0.5547001962 -0.5547001962
-0.2773500981 -0.5547001962 0.5547001962
-0.5547001962 -0.5547001962 -0.2773500981
-0.5547001962 -0.5547001962 0.2773500981
0.5547001962 -0.2773500981 -0.5547001962
0.5547001962 -0.2773500981 0.5547001962
-0.5547001962 -0.2773500981 -0.5547001962
-0.5547001962 -0.2773500981 0.5547001962
0.8320502943 0.0000000000 0.0000000000
-0.0000000000 0.0000000000 -0.8320502943
0.2773500981 -0.8320502943 0.0000000000
-0.0000000000 -0.8320502943 -0.2773500981
-0.0000000000 -0.8320502943 0.2773500981
-0.2773500981 -0.8320502943 0.0000000000
0.8320502943 -0.2773500981 0.0000000000
-0.0000000000 -0.2773500981 -0.8320502943
-0.0000000000 -0.2773500981 0.8320502943
-0.8320502943 -0.2773500981 0.0000000000
0.8320502943 0.0000000000 -0.2773500981
0.8320502943 0.0000000000 0.2773500981
0.2773500981 0.0000000000 -0.8320502943
0.2773500981 0.0000000000 0.8320502943
0.2773500981 -0.8320502943 -0.2773500981
0.2773500981 -0.8320502943 0.2773500981
-0.2773500981 -0.8320502943 -0.2773500981
-0.2773500981 -0.8320502943 0.2773500981
0.8320502943 -0.2773500981 -0.2773500981
0.8320502943 -0.2773500981 0.2773500981
0.2773500981 -0.2773500981 -0.8320502943
0.2773500981 -0.2773500981 0.8320502943
-0.2773500981 -0.2773500981 -0.8320502943
-0.2773500981 -0.2773500981 0.8320502943
-0.8320502943 -0.2773500981 -0.2773500981
-0.8320502943 -0.2773500981 0.2773500981
0.5547001962 -0.5547001962 -0.5547001962
0.5547001962 -0.5547001962 0.5547001962
-0.5547001962 -0.5547001962 -0.5547001962
-0.5547001962 -0.5547001962 0.5547001962
0.5547001962 -0.8320502943 0.0000000000
-0.0000000000 -0.8320502943 -0.5547001962
-0.0000000000 -0.8320502943 0.5547001962
-0.5547001962 -0.8320502943 0.0000000000
0.8320502943 -0.5547001962 0.0000000000
-0.0000000000 -0.5547001962 -0.8320502943
-0.0000000000 -0.5547001962 0.8320502943
-0.8320502943 -0.5547001962 0.0000000000
0.8320502943 0.0000000000 -0.5547001962
0.8320502943 0.0000000000 0.5547001962
0.5547001962 0.0000000000 -0.8320502943
0.5547001962 0.0000000000 0.8320502943