0.1820439139281680e+00 -0.9270480414440301e-01 0.9789105335475060e+00
-0.3401633920477120e+00  0.9663627657320201e-01  0.9353877788172470e+00
0.7002964239918601e-01  0.4380170657623020e+00  0.8962348460567831e+00
0.4062991986506810e+00  -0.3922229581099740e+00  0.8252769912624950e+00
-0.5020529074758030e+00 -0.3134031772454700e+00 0.8060529303882820e+00
-0.1661703755161100e+00 -0.6315818950032080e+00 0.7572923584752410e+00
0.5645568330804510e+00 0.4315665190468060e+00 0.7035807855960790e+00
-0.2516571655732720e+00 0.7004201169962340e+00 0.6678924544585070e+00
0.7610737834093440e+00 0.3383949530331300e-01 0.6477820503569111e+00
-0.6891669599249560e+00 0.4700411035401430e+00 0.5514619318960819e+00
-0.8444588347019710e+00 0.8321120320645400e-01 0.5291173519690350e+00
0.1667901532816890e+00 -0.8379639696975130e+00 0.5196127695284790e+00
-0.3381426530000000e-06 -0.9999999999999410e+00 0.5113954300000000e-07
0.8253203551563260e+00 0.5627479720204420e+00 0.4648689440601700e-01
0.4287847588635380e+00 0.7880947236836710e+00 0.4416450351450770e+00
0.8379821657580890e+00 -0.3978412991317320e+00 0.3735079524943990e+00
-0.7253542570650870e+00 -0.5819373435055580e+00 0.3677093009311160e+00
0.5999780016940850e+00 -0.7480959082643770e+00 0.2835117449441370e+00
0.1029621182160000e-01 0.9604558712685930e+00 0.2782418145567120e+00
-0.4111736771343270e+00 -0.8831299356664370e+00 0.2258710339145550e+00
0.9701463166151120e+00 0.1898971293856600e+00 0.1508482834148810e+00
-0.9599163201947990e+00 -0.2374551885803040e+00 0.1489150483999820e+00
-0.4890780810853070e+00 0.8614100266805150e+00 0.1370233430339080e+00
0.4890783442680340e+00 0.8614098585861970e+00 -0.1370234603947360e+00
0.9599161425106100e+00 -0.2374556559789740e+00 -0.1489154484637000e+00
-0.9701462117550880e+00 0.1898974633531040e+00 -0.1508485373787490e+00
0.4111732079926710e+00 -0.8831302865417910e+00 -0.2258705160520720e+00
-0.1029583067458200e-01 0.9604558438669050e+00 -0.2782419232477950e+00
-0.5999782789313950e+00 -0.7480958300835960e+00 -0.2835113645377490e+00
0.7253538576610640e+00 -0.5819379418427429e+00 -0.3677091418771710e+00
-0.8379821117624020e+00 -0.3978411731600070e+00 -0.3735082078146280e+00
-0.4287844897392210e+00 0.7880948648638860e+00 -0.4416450445032190e+00
-0.8253202035618510e+00 0.5627482030229050e+00 -0.4648678938275400e-01
-0.1667905266812980e+00 -0.8379639354972040e+00 -0.5196127048248650e+00
0.8444588556999950e+00 0.8321098560096100e-01 -0.5291173526781850e+00
0.6891670262862080e+00 0.4700410280193430e+00 -0.5514619133343150e+00
-0.7610735940891260e+00 0.3383958171934800e-01 -0.6477822682733150e+00
0.2516572273368960e+00 0.7004198745216060e+00 -0.6678926854699360e+00
-0.5645567807770040e+00 0.4315667009504790e+00 -0.7035807159874600e+00
0.1661703071989450e+00 -0.6315821849819240e+00 -0.7572921316235020e+00
0.5020528463255750e+00 -0.3134035011556450e+00  -0.8060528425356320e+00
-0.4062990999839090e+00 -0.3922229921958800e+00 -0.8252770236382300e+00
-0.7002962925569101e-01 0.4380168919484090e+00 -0.8962349320318680e+00
0.3401636430188650e+00 0.9663601187220600e-01 -0.9353877148955770e+00
-0.1820437268835720e+00 -0.9270483100599700e-01 -0.9789105657875440e+00
